# 2023-09-27 1560 SPDC measurment 
# Temperature scan betwen 24 and 80 C 
# Swapped the oven to one from IJS 
# This measurement DOES inculde the coincidence stage where we seperate single photons based on polarization per channel 
# A narrowband filter is implemented in C21 (1560.61 nm) bandwidth of 100 GHz# Each single-photon detector is connected to the coincidence stage# TEST MEASUREMENT# --------------------------------- 
# input laser power: 83 mW  at 780 nm (262 mA) 
# pump polarization: 'H' (Ch1, C21R)(uW)  = 82.1 mW)# periodic pooling: 9.12 um# initial setup alignment at 22.0 C# integration time: 60 s 
# single photon detector darkcounts: 0.3 and 0.27 kHz 
# single photon detector QE: 10% 
# single photon detector dead time: 20 us 
# ---------------------------------- 
# Temperature    Clicks_1    Clicks_2    Correlations 
# [C]    [/]    [/]    [/] 
24.0    32691    23546    2
24.1    32882    23229    2
24.2    33416    23166    2
24.3    32658    23054    3
24.4    33028    23204    3
24.5    32897    23189    2
24.6    32990    23269    0
24.7    32853    23189    3
24.8    33123    23326    1
24.9    33309    23601    0
25.0    33159    23598    2
25.1    33425    23512    2
25.2    33217    23581    3
25.3    33208    23578    0
25.4    33228    23607    0
25.5    33378    23813    6
25.6    33496    23500    1
25.7    33645    23638    4
25.8    33030    23792    3
25.9    33398    24000    1
26.0    33414    23902    5
26.1    33358    23784    3
26.2    33595    23584    1
26.3    33623    23900    2
26.4    33018    23578    3
26.5    33525    23446    2
26.6    32874    23816    2
26.7    32874    23613    3
26.8    33472    23746    1
26.9    32991    23790    2
27.0    33287    23874    2
27.1    33170    23781    4
27.2    33191    23655    1
27.3    33520    23979    3
27.4    33706    23907    3
27.5    33538    23788    0
27.6    33217    23958    2
27.7    33148    24131    3
27.8    33398    23819    1
27.9    33422    24079    3
28.0    33508    23924    4
28.1    33255    24191    1
28.2    33649    24317    3
28.3    33737    24141    3
28.4    33372    24294    6
28.5    33365    24303    2
28.6    33671    24791    5
28.7    33835    24599    3
28.8    33735    24516    9
28.9    33817    24807    4
29.0    34128    24921    3
29.1    34021    24952    3
29.2    34033    25010    3
29.3    34277    24924    3
29.4    33970    25003    6
29.5    34170    25083    5
29.6    33815    24785    4
29.7    34144    24960    1
29.8    33801    24656    4
29.9    34051    24812    1
30.0    33697    24782    3
30.1    33463    24437    6
30.2    33477    24732    3
30.3    33801    24829    4
30.4    33630    24658    5
30.5    33627    24720    4
30.6    33170    25005    2
30.7    33877    25189    5
30.8    33827    25397    6
30.9    34167    25355    6
31.0    34495    25706    8
31.1    34392    25993    7
31.2    34550    26170    3
31.3    34528    26167    6
31.4    34434    26154    4
31.5    34714    26623    4
31.6    35285    26909    5
31.7    35218    27013    10
31.8    35386    27533    11
31.9    35470    27621    8
32.0    35863    28117    14
32.1    35584    28158    11
32.2    36249    28400    11
32.3    36264    28568    17
32.4    36712    29115    8
32.5    37152    29208    14
32.6    37383    29301    12
32.7    37358    30441    13
32.8    37771    31374    17
32.9    38364    32379    16
33.0    38235    32877    16
33.1    39996    34394    25
33.2    41152    35241    27
33.3    42046    36201    39
33.4    42451    36881    28
33.5    43300    37608    32
33.6    43276    38253    38
33.7    44885    38918    42
33.8    45083    39369    38
33.9    45635    39450    43
34.0    45904    40414    37
34.1    46680    40492    20
34.2    46571    40971    36
34.3    47004    41186    34
34.4    46983    40941    36
34.5    47496    41157    33
34.6    47475    40786    23
34.7    46651    40350    38
34.8    46621    41007    33
34.9    47275    42351    29
35.0    47689    44627    32
35.1    47641    46602    31
35.2    50668    53217    36
35.3    51629    55437    41
35.4    57030    66289    37
35.5    64702    78922    77
35.6    67889    83261    93
35.7    78888    99160    103
35.8    89229    111117    144
35.9    94666    118045    169
36.0    106973    130025    180
36.1    110067    133400    187
36.2    121570    143879    218
36.3    128626    150688    194
36.4    131212    153744    199
36.5    138771    164171    217
36.6    140819    168274    187
36.7    150251    188100    184
36.8    161283    210936    188
36.9    169313    225319    225
37.0    190592    266688    253
37.1    199485    281871    266
37.2    235423    337264    415
37.3    274071    392043    495
37.4    293926    417341    574
37.5    347586    481001    707
37.6    362073    495980    744
37.7    418689    555372    839
37.8    466009    598738    902
37.9    482531    611641    1015
38.0    527807    644022    958
38.1    537655    649976    948
38.2    564931    658393    966
38.3    577765    652339    952
38.4    577988    646211    892
38.5    576636    621896    860
38.6    560275    589933    745
38.7    549546    570101    713
38.8    515209    520523    593
38.9    503762    504691    541
39.0    457727    445294    425
39.1    415603    395576    323
39.2    392363    372434    313
39.3    343409    317393    243
39.4    328003    303255    247
39.5    280529    255989    189
39.6    242913    219921    126
39.7    226980    204648    96
39.8    192261    172362    69
39.9    183553    164742    68
40.0    154743    139607    40
40.1    135189    122388    30
40.2    128240    116536    26
40.3    111144    100264    26
40.4    108009    97388    25
40.5    94047    85523    25
40.6    84244    76590    27
40.7    81246    74109    30
40.8    73908    66669    25
40.9    71316    65103    28
41.0    65238    58457    22
41.1    60008    53017    32
41.2    58932    51433    32
41.3    54461    46677    25
41.4    51518    43884    19
41.5    49778    42301    17
41.6    47052    39206    12
41.7    45911    39159    14
41.8    44081    36737    20
41.9    42551    35463    15
42.0    41759    34556    8
42.1    40992    33777    10
42.2    40483    32968    10
42.3    39605    31844    8
42.4    38940    30999    6
42.5    38374    30790    5
42.6    37315    30298    2
42.7    37036    30336    2
42.8    36550    29464    6
42.9    36336    28769    7
43.0    36000    28910    12
43.1    35477    28625    7
43.2    35854    28503    9
43.3    35103    28196    8
43.4    35334    27810    10
43.5    35134    27945    8
43.6    35121    27365    5
43.7    35006    27732    11
43.8    34562    27616    9
43.9    34678    27444    10
44.0    34690    27124    11
44.1    34348    26951    6
44.2    34163    26776    9
44.3    34143    26646    15
44.4    33991    26331    6
44.5    33839    26587    13
44.6    33634    26164    8
44.7    33206    26076    3
44.8    33158    25717    4
44.9    33041    25397    2
45.0    32962    25419    3
45.1    32659    25263    3
45.2    32523    24856    2
45.3    32640    24794    2
45.4    32013    24965    4
45.5    32504    24836    3
45.6    32197    24682    2
45.7    32159    24926    6
45.8    32266    24797    1
45.9    31749    24686    6
46.0    32020    24757    7
46.1    31879    24495    3
46.2    31679    24578    4
46.3    31678    24357    5
46.4    31854    24181    5
46.5    31310    24353    4
46.6    31398    24218    4
46.7    31626    23682    6
46.8    31451    23957    4
46.9    31351    23819    2
47.0    31572    23895    4
47.1    31096    23655    0
47.2    31132    23618    2
47.3    31198    23509    3
47.4    31254    23505    1
47.5    31078    23793    3
47.6    30968    23545    0
47.7    30827    23509    4
47.8    30770    23807    1
47.9    30692    23516    1
48.0    30665    23993    6
48.1    30669    23308    3
48.2    30919    23351    3
48.3    30812    23613    3
48.4    30709    23528    5
48.5    30728    23603    3
48.6    30563    23207    4
48.7    30706    23477    1
48.8    30744    23426    0
48.9    30702    23186    1
49.0    30597    22902    2
49.1    30768    22948    2
49.2    30431    23273    0
49.3    30126    23274    2
49.4    30745    23168    2
49.5    30828    23086    1
49.6    30064    22944    0
49.7    30511    22908    1
49.8    30342    22694    2
49.9    30432    22784    2
50.0    30443    22928    0
50.1    30367    22789    1
50.2    30485    22688    0
50.3    30073    23005    0
50.4    30408    22811    2
50.5    30179    22797    1
50.6    30200    23072    3
50.7    30128    22787    0
50.8    30174    22536    0
50.9    30138    22818    0
51.0    30234    22914    2
51.1    30067    23042    0
51.2    30153    22699    2
51.3    30236    22464    0
51.4    30106    22317    3
51.5    30199    22748    1
51.6    29926    22568    3
51.7    29969    22578    0
51.8    29838    22273    0
51.9    30450    22407    1
52.0    29916    22186    0
52.1    29982    21987    0
52.2    30149    22246    2
52.3    29938    22511    1
52.4    29614    22342    0
52.5    30278    22276    1
52.6    29871    22119    0
52.7    29805    22290    1
52.8    29729    22176    0
52.9    30005    22234    3
53.0    29534    22023    1
53.1    29995    22160    2
53.2    29823    22464    3
53.3    29951    22323    1
53.4    29689    22030    2
53.5    29909    22140    1
53.6    29939    22167    2
53.7    30061    21827    0
53.8    30158    22053    0
53.9    29797    22477    2
54.0    29840    22134    0
54.1    29581    22536    0
54.2    29604    22154    0
54.3    30060    22181    0
54.4    29900    22172    3
54.5    29937    22223    0
54.6    30077    21801    0
54.7    29960    22412    0
54.8    29788    22252    1
54.9    29676    22207    0
55.0    29703    22100    0
55.1    29264    22067    0
55.2    29743    22102    1
55.3    30034    22018    1
55.4    29898    22086    2
55.5    30063    22387    2
55.6    29870    22030    1
55.7    29869    21995    1
55.8    29688    21969    1
55.9    29521    22389    0
56.0    29641    22047    0
56.1    29732    22067    2
56.2    29753    22156    1
56.3    29813    21922    0
56.4    29517    21752    1
56.5    29109    22044    2
56.6    29471    21801    1
56.7    29452    22404    0
56.8    29674    22298    1
56.9    29238    21742    1
57.0    29468    22192    2
57.1    29748    22022    0
57.2    29393    22275    0
57.3    29399    22021    0
57.4    29930    21752    0
57.5    29867    21946    0
57.6    29533    21740    0
57.7    29303    22163    0
57.8    29628    22126    0
57.9    29941    21880    0
58.0    29376    21889    2
58.1    29580    21858    0
58.2    29591    22080    1
58.3    29842    22054    0
58.4    30083    21796    3
58.5    29646    22371    0
58.6    29779    22141    0
58.7    29913    22036    2
58.8    29659    21983    1
58.9    29846    22280    0
59.0    29426    22095    1
59.1    29462    22049    0
59.2    29309    22032    0
59.3    29768    21793    0
59.4    29645    21799    1
59.5    29452    22181    0
59.6    29611    21633    0
59.7    29566    22039    0
59.8    29397    22080    0
59.9    29451    21807    1
60.0    29617    21742    1
60.1    29647    22218    0
60.2    29543    21987    0
60.3    29687    22090    1
60.4    29784    21947    0
60.5    29516    22016    2
60.6    29618    22114    0
60.7    29600    22158    0
60.8    29498    22055    0
60.9    29790    22111    0
61.0    29491    22042    1
61.1    29760    22194    0
61.2    29531    22053    0
61.3    29588    21935    2
61.4    29297    21842    0
61.5    29505    21771    2
61.6    29204    21900    0
61.7    29642    21767    0
61.8    29459    21742    0
61.9    29957    22159    1
62.0    29734    21909    0
62.1    29800    22359    1
62.2    29679    21812    0
62.3    29339    21843    0
62.4    29550    21761    0
62.5    29613    21984    1
62.6    29336    21757    0
62.7    29459    22122    0
62.8    29570    21522    0
62.9    29771    21974    0
63.0    29404    21774    0
63.1    29123    21772    1
63.2    29283    21739    0
63.3    29362    21991    0
63.4    29493    22031    1
63.5    29088    21808    0
63.6    29365    21840    1
63.7    29330    21782    0
63.8    29586    22111    0
63.9    29584    21917    1
64.0    29238    21897    1
64.1    29567    21554    0
64.2    29237    21791    0
64.3    29591    21804    0
64.4    29522    21791    0
64.5    29112    21878    0
64.6    29552    21974    0
64.7    29621    21921    0
64.8    29612    21825    0
64.9    29449    21752    0
65.0    29580    21964    0
65.1    29487    21897    0
65.2    29274    21589    0
65.3    29573    21977    0
65.4    29148    21802    0
65.5    29642    21531    0
65.6    29304    22177    0
65.7    29342    21828    0
65.8    29583    22013    0
65.9    29090    21638    1
66.0    29419    21662    0
66.1    28964    21928    0
66.2    29209    21639    0
66.3    29592    21594    0
66.4    29195    21483    0
66.5    29363    21626    0
66.6    29226    21749    0
66.7    29159    21582    0
66.8    29671    21704    0
66.9    29018    21691    0
67.0    29185    21638    0
67.1    29319    21698    0
67.2    29417    21678    0
67.3    29176    21849    0
67.4    29500    21341    0
67.5    29749    21851    0
67.6    29496    21740    0
67.7    29085    21694    0
67.8    29378    21841    0
67.9    29211    21906    0
68.0    29554    21806    0
68.1    29163    21829    0
68.2    29277    21725    1
68.3    29197    21722    0
68.4    29329    21783    0
68.5    29302    21912    1
68.6    29193    21500    0
68.7    29290    22000    0
68.8    29310    21941    0
68.9    29291    21911    0
69.0    29112    21936    0
69.1    29445    21803    1
69.2    29303    21743    0
69.3    28881    21861    0
69.4    29065    21624    1
69.5    29201    21587    0
69.6    29053    21713    0
69.7    29134    21496    0
69.8    29279    22121    0
69.9    29590    22188    0
70.0    29636    21644    0
70.1    29188    21760    0
70.2    29353    21707    2
70.3    28906    21835    0
70.4    29061    21752    1
70.5    29358    22072    0
70.6    29162    21823    1
70.7    28940    21756    1
70.8    29470    21857    0
70.9    29186    21729    0
71.0    29144    21801    0
71.1    29290    21669    0
71.2    29374    21480    2
71.3    29096    21758    1
71.4    29332    21797    1
71.5    29144    21757    0
71.6    29237    21446    1
71.7    28997    21910    1
71.8    29212    21929    0
71.9    29513    21843    0
72.0    29291    21673    0
72.1    28961    21648    0
72.2    28696    21346    0
72.3    29286    21521    0
72.4    28656    22003    1
72.5    29166    21596    1
72.6    29171    21663    0
72.7    29146    21668    1
72.8    29285    21764    0
72.9    29318    21663    0
73.0    29107    22052    1
73.1    29017    22042    0
73.2    29153    21434    0
73.3    29140    21661    0
73.4    29068    21887    0
73.5    29144    22027    2
73.6    29220    21672    1
73.7    29489    21707    1
73.8    29189    21448    0
73.9    29218    21717    0
74.0    28978    21789    1
74.1    29137    21880    0
74.2    29136    21542    0
74.3    28991    21544    0
74.4    29064    21566    0
74.5    29467    21662    0
74.6    29514    21440    0
74.7    29140    21515    0
74.8    28990    21486    0
74.9    29343    21495    0
75.0    28852    21892    0
75.1    29507    21650    0
75.2    29865    22417    0
75.3    30668    22953    0
75.4    30463    22571    0
75.5    30719    22694    0
75.6    30878    22472    1
75.7    30715    22634    0
75.8    30839    22709    0
75.9    30807    22716    0
