# Temperature   Clicks_1   Clicks_2   Correlations
# 28.01.2024 1560 SPDC measurement 
# Temperature scan between 30 and 30 °C
# This measurement DOES NOT include the coincidence stage where we separate single photons based on polarization per channel.
# TEST MEASUREMENT# --------------------------------- 
# Input laser power: 90 mW  at 780 nm (262 mA) 
# Power at input: 65 mW  at 780 nm (262 mA) 
# Pump polarization: 'H' (21R) = 82.1 mW)# Periodic polling: 9.12 um
# Initial setup alignment at 41.0 C
# Integration time:  75 s 
# Single photon detector QE: 10% 
# Single photon detector dead time: 5 us 
# Time-delay of [0, 0] ns
# ---------------------------------- 
# Temperature    Clicks_1    Clicks_2    Correlations 
# [C]    [/]    [/]    [/] 
30.0    40853    27398    7
30.1    41685    27150    4
30.2    41343    26845    5
30.3    41217    27181    5
30.4    40725    26385    11
30.5    41718    26896    7
30.6    41250    27065    5
30.7    42045    26734    4
30.8    42152    26843    7
30.9    42445    27092    12
31.0    43191    27445    7
31.1    43502    27568    8
31.2    43476    27580    11
31.3    43229    27955    10
31.4    43834    28002    9
31.5    42692    28258    12
31.6    43579    28195    10
31.7    43009    28399    10
31.8    43553    28229    12
31.9    43564    28095    9
32.0    43271    28093    16
32.1    43662    28196    5
32.2    43163    28094    12
32.3    43597    27932    11
32.4    41731    27716    3
32.5    41558    27959    5
32.6    41613    26875    3
32.7    42062    27087    3
32.8    42912    26778    4
32.9    44471    27982    6
33.0    46250    28121    10
33.1    48777    28879    16
33.2    50530    30293    13
33.3    52165    31068    11
33.4    53088    32531    28
33.5    55352    34041    41
33.6    56552    34794    31
33.7    57429    35218    38
33.8    60676    35928    34
33.9    63209    37727    34
34.0    67265    38774    22
34.1    72473    40808    34
34.2    78149    46522    25
34.3    87144    49077    38
34.4    93262    52987    52
34.5    101332    57972    52
34.6    107787    62245    79
34.7    113953    66969    99
34.8    118236    70344    97
34.9    123012    72334    124
35.0    127431    76068    138
35.1    134542    80669    136
35.2    142618    84948    121
35.3    154931    89953    125
35.4    171930    95863    118
35.5    191440    104168    100
35.6    211295    114261    113
35.7    240852    127183    146
35.8    266217    142617    190
35.9    292653    158256    209
36.0    317263    176096    317
36.1    342246    191587    343
36.2    368200    209779    433
36.3    394659    226063    508
36.4    429170    246284    526
36.5    475060    267073    509
36.6    533918    290761    519
36.7    613077    323976    511
36.8    720003    368336    538
36.9    846526    426167    579
37.0    993065    497379    715
37.1    1171226    592922    954
37.2    1362557    699720    1340
37.3    1564341    828801    1760
37.4    1761672    953999    2270
37.5    1980735    1115245    3034
37.6    2182155    1271739    3820
37.7    2370348    1421467    4471
37.8    2529739    1573124    5256
37.9    2679255    1716557    5989
38.0    2796338    1845124    6679
38.1    2878408    1941423    7112
38.2    2944372    2037411    7607
38.3    2973605    2102213    7842
38.4    2973888    2146270    7815
38.5    2948739    2162009    7512
38.6    2900573    2156186    7639
38.7    2819155    2125322    7255
38.8    2717847    2074650    6603
38.9    2594814    2002299    6065
39.0    2455566    1912594    5443
39.1    2303364    1808658    4859
39.2    2161391    1705390    4174
39.3    1983559    1572915    3418
39.4    1828648    1450818    2762
39.5    1670747    1328068    2225
39.6    1520798    1209266    1739
39.7    1375937    1085796    1350
39.8    1245066    978036    1048
39.9    1129219    884352    794
40.0    1018126    790802    531
40.1    916438    708470    402
40.2    825182    634335    289
40.3    744623    569487    230
40.4    666470    510333    154
40.5    600643    456723    127
40.6    542229    411768    107
40.7    487954    369753    108
40.8    442051    332701    63
40.9    398626    300588    62
41.0    368274    273548    56
41.1    334812    247426    49
41.2    305183    225195    32
41.3    283256    207220    26
41.4    263527    191663    26
41.5    242810    174767    18
41.6    226594    163330    32
41.7    213415    151645    32
41.8    198598    142639    40
41.9    184483    131664    36
42.0    174382    124201    34
42.1    164366    117924    42
42.2    153465    109949    43
42.3    142643    102628    52
42.4    134513    96739    41
42.5    126636    90066    30
42.6    118223    85558    48
42.7    110078    79864    30
42.8    103000    74231    22
42.9    96173    68944    15
43.0    89958    64703    17
43.1    84689    59890    9
43.2    79584    56420    13
43.3    75672    53072    8
43.4    72688    49977    6
43.5    68898    47574    12
43.6    65708    45283    7
43.7    63077    42662    14
43.8    59823    41314    9
43.9    58712    39622    14
44.0    55877    38319    14
44.1    53590    36813    15
44.2    51783    35818    22
44.3    49910    34055    11
44.4    48639    32689    11
44.5    47141    32016    7
44.6    46084    31025    6
44.7    44955    30365    4
44.8    43704    29267    7
44.9    43595    28775    5
45.0    42548    28071    8
45.1    41603    28032    3
45.2    40609    27078    3
45.3    39291    26406    7
45.4    39025    25686    3
45.5    38395    25037    2
45.6    38913    25158    4
45.7    37136    24701    1
45.8    38146    24197    2
45.9    37723    24288    3
46.0    37195    24186    4
46.1    37999    24131    2
46.2    37877    24360    5
46.3    37080    24099    5
46.4    36768    24222    2
46.5    37085    24144    5
46.6    37401    23992    8
46.7    37445    24125    1
46.8    37176    23349    8
46.9    37101    23754    5
47.0    36755    23626    8
47.1    36560    23772    4
47.2    36606    23843    4
47.3    35612    23457    2
47.4    35699    23599    2
47.5    36459    23084    1
47.6    35443    22848    0
47.7    35242    22660    0
47.8    35675    23252    5
47.9    35162    22609    3
48.0    34514    22535    3
48.1    34562    22931    3
48.2    34248    22481    5
48.3    34725    22903    2
48.4    34645    22561    8
48.5    34087    22399    5
48.6    34046    21914    8
48.7    34681    21686    5
48.8    34100    22195    3
48.9    34079    21530    2
49.0    33323    21878    0
49.1    33172    21822    4
49.2    33484    21739    1
49.3    33059    21504    1
49.4    33913    21872    1
49.5    33026    21443    1
49.6    33226    21151    1
49.7    33622    21541    3
49.8    33961    21368    2
49.9    32994    21432    1
50.0    32839    21360    4
50.1    32927    21551    4
50.2    32387    21222    4
50.3    32974    21630    1
50.4    33690    21962    3
50.5    33564    21269    2
50.6    33297    21523    3
50.7    33753    21515    2
50.8    34026    21442    2
50.9    33468    21488    1
51.0    33530    21673    1
51.1    32958    21736    2
51.2    32883    21238    0
51.3    32427    21122    0
51.4    33285    21343    3
51.5    32522    21388    2
51.6    33631    21500    1
51.7    32763    21678    0
51.8    32551    21262    3
51.9    33032    21269    3
52.0    32337    21218    1
52.1    32940    20741    4
52.2    32475    21004    2
52.3    32410    21203    0
52.4    32258    20856    1
52.5    32409    21137    1
52.6    32666    20475    3
52.7    33041    21092    1
52.8    32267    21167    3
52.9    32780    20764    1
53.0    32404    20798    1
53.1    33167    20859    3
53.2    32301    20350    2
53.3    32168    20933    0
53.4    31943    20800    1
53.5    32532    21027    3
53.6    32288    20504    4
53.7    32425    20823    1
53.8    32470    20770    2
53.9    32403    20742    0
54.0    31940    20714    0
54.1    32452    21235    0
54.2    32150    20578    1
54.3    32162    20460    1
54.4    32317    20970    3
54.5    32882    20959    2
54.6    32185    20629    0
54.7    31719    20923    2
54.8    31939    20758    0
54.9    32037    20774    1
55.0    31912    20482    4
55.1    32318    20813    4
55.2    32132    20883    1
55.3    32146    20789    1
55.4    31685    20780    1
55.5    32125    20470    2
55.6    31447    20513    0
55.7    32309    20757    0
55.8    31724    20568    0
55.9    31615    20607    0
56.0    32029    20699    0
56.1    32242    20675    1
56.2    31835    20643    0
56.3    31480    19991    1
56.4    31941    19977    1
56.5    31589    20658    0
56.6    31610    20746    0
56.7    31121    20749    1
56.8    31704    20504    1
56.9    31381    20402    1
57.0    31188    20251    1
57.1    31587    20179    0
57.2    31883    20267    0
57.3    31662    20329    2
57.4    31563    20530    0
57.5    31001    20622    1
57.6    31594    20389    3
57.7    31849    20415    1
57.8    31817    20516    1
57.9    32212    20561    1
58.0    31553    21392    1
58.1    31752    20771    2
58.2    32110    20713    1
58.3    31717    20544    1
58.4    32040    20535    0
58.5    32153    20602    3
58.6    32385    20822    0
58.7    31808    20575    1
58.8    31800    20406    1
58.9    32374    20780    0
59.0    31809    20585    0
59.1    31605    20672    1
59.2    31699    20438    0
59.3    31717    20451    0
59.4    32281    20836    0
59.5    31492    20461    4
59.6    31910    20493    1
59.7    32104    20449    1
59.8    32090    20354    0
59.9    30986    20573    0
60.0    31819    20460    0
