# 2023-09-23 1560 SPDC measurment 
# Temperature scan betwen 22 and 80 C 
# This measurement DOES NOT inculde the coincidence stage where we seperate single photons based on polarization per channel 
# A narrowband filter is implemented in C21 (1560.61 nm) and C22 (1559.79 nm), bandwidth of 100 GHz# Each single-photon detector is connected to one channel: C21 and C22# TEST MEASUREMENT# --------------------------------- 
# input laser power: 83 mW  at 780 nm (262 mA) 
# pump polarization: H (uW) (+ V = 20 uW)# periodic pooling: 9.12 um# initial setup alignment at 22.0 C# integration time: 60 s 
# single photon detector darkcounts: 3.4 kHz 
# single photon detector QE: 30% 
# single photon detector dead time: 20 us 
# ---------------------------------- 
# Temperature    Clicks_1    Clicks_2    Correlations 
# [C]    [/]    [/]    [/] 
23.5    232607    365523    25
23.6    232997    366149    28
23.7    233166    367389    30
23.8    234628    369787    24
23.9    236084    368890    24
24.0    236018    368145    29
24.1    235460    365369    28
24.2    235799    366577    29
24.3    236786    368402    36
24.4    238323    368234    26
24.5    237004    371168    30
24.6    239199    370997    31
24.7    239514    371561    31
24.8    241071    369878    21
24.9    240255    369020    24
25.0    242432    369904    30
25.1    243999    368824    33
25.2    245603    370575    36
25.3    245997    367838    24
25.4    245198    369501    34
25.5    245250    368716    34
25.6    243590    368811    26
25.7    245522    371458    29
25.8    246802    372966    23
25.9    246141    373498    34
26.0    246533    372681    34
26.1    248035    375904    27
26.2    249821    373595    31
26.3    250663    374870    24
26.4    252230    374677    30
26.5    253334    376323    28
26.6    253198    378367    29
26.7    254451    378267    42
26.8    253652    379041    44
26.9    255691    379196    31
27.0    256101    381839    25
27.1    255402    386078    20
27.2    257072    387232    34
27.3    256146    387665    42
27.4    256499    387914    26
27.5    256215    387632    34
27.6    256918    387808    39
27.7    259589    392637    32
27.8    259808    394465    37
27.9    259671    398349    31
28.0    259010    400017    31
28.1    258417    404156    36
28.2    258348    408313    31
28.3    259187    411281    41
28.4    258546    416162    34
28.5    261120    419537    37
28.6    262596    422042    31
28.7    262798    423661    47
28.8    263695    424365    54
28.9    266585    428752    43
29.0    267607    427465    54
29.1    268566    429194    44
29.2    269853    429718    45
29.3    271485    433263    45
29.4    273505    434701    42
29.5    274513    436686    31
29.6    277355    433446    45
29.7    282971    435572    40
29.8    286645    433306    45
29.9    290029    431205    46
30.0    295553    431332    56
30.1    302521    430212    53
30.2    305789    428997    50
30.3    311942    431518    53
30.4    316499    435476    67
30.5    317848    439433    59
30.6    321799    445316    47
30.7    322934    451120    56
30.8    325752    455210    60
30.9    326193    458971    56
31.0    328690    463958    64
31.1    330927    467685    55
31.2    329857    472234    64
31.3    331985    476229    56
31.4    331993    480213    60
31.5    329900    488356    65
31.6    327766    492661    46
31.7    323871    500793    43
31.8    323228    508115    63
31.9    323972    514135    72
32.0    325285    519788    55
32.1    325716    524658    69
32.2    329262    529464    63
32.3    333616    531731    61
32.4    342655    530704    64
32.5    349744    536815    79
32.6    356689    541233    86
32.7    364243    548584    70
32.8    368336    554612    78
32.9    371741    568457    76
33.0    375438    578967    79
33.1    381419    594099    62
33.2    387120    607463    74
33.3    390469    621017    87
33.4    396070    635309    81
33.5    400127    645112    101
33.6    410074    657495    90
33.7    413198    672413    96
33.8    417832    686089    118
33.9    418660    700667    110
34.0    422992    726090    98
34.1    424850    753193    107
34.2    422361    784188    124
34.3    426196    817430    121
34.4    433644    855259    113
34.5    445136    886913    131
34.6    456403    919040    145
34.7    473390    943742    169
34.8    490723    969084    181
34.9    514401    990554    188
35.0    536456    1011589    185
35.1    558908    1034535    198
35.2    579415    1051987    220
35.3    597994    1075595    244
35.4    617827    1100549    221
35.5    641991    1125864    251
35.6    665736    1149697    268
35.7    692787    1174110    288
35.8    728055    1194249    313
35.9    766358    1212423    306
36.0    806752    1224944    378
36.1    848013    1235324    369
36.2    890142    1246283    396
36.3    910046    1249884    395
36.4    951032    1270764    420
36.5    980871    1303913    477
36.6    1013993    1357745    495
36.7    1040424    1433990    528
36.8    1071250    1549559    576
36.9    1093576    1658314    623
37.0    1105118    1723445    677
37.1    1133064    1839171    708
37.2    1162255    1950391    832
37.3    1191099    2050609    828
37.4    1219305    2136840    927
37.5    1251645    2224495    977
37.6    1273752    2283758    971
37.7    1289813    2331526    992
37.8    1302267    2371371    1011
37.9    1314395    2401590    1051
38.0    1319279    2415649    1080
38.1    1337995    2438463    1141
38.2    1387530    2458638    1123
38.3    1445223    2467314    1242
38.4    1527984    2470319    1288
38.5    1629914    2469086    1370
38.6    1746347    2463551    1488
38.7    1810318    2458856    1550
38.8    1978829    2439210    1725
38.9    2082692    2420584    1792
39.0    2169415    2398277    1766
39.1    2248187    2372202    1840
39.2    2314019    2340735    1886
39.3    2367409    2304509    1926
39.4    2411915    2265694    1886
39.5    2446332    2224995    1936
39.6    2473743    2181619    1873
39.7    2494643    2140395    1878
39.8    2511847    2092918    1836
39.9    2523393    2054906    1757
40.0    2530101    2027555    1782
40.1    2533073    2009622    1802
40.2    2532922    2003091    1839
40.3    2527246    2017634    1735
40.4    2518654    2046805    1769
40.5    2505403    2088001    1795
40.6    2488405    2136601    1855
40.7    2468647    2186008    1912
40.8    2443487    2235755    1925
40.9    2413955    2284631    1885
41.0    2377201    2330468    1858
41.1    2336976    2368382    1978
41.2    2294906    2400046    1964
41.3    2249323    2425490    1792
41.4    2206140    2444900    1858
41.5    2153424    2462609    1785
41.6    2099018    2475260    1741
41.7    2042383    2483312    1829
41.8    1994119    2486614    1709
41.9    1950396    2485639    1538
42.0    1894047    2480266    1642
42.1    1827103    2468480    1498
42.2    1772229    2453949    1458
42.3    1715791    2434012    1413
42.4    1658282    2409525    1288
42.5    1599258    2379971    1270
42.6    1543287    2346388    1113
42.7    1483157    2307964    1104
42.8    1423156    2263997    1061
42.9    1364440    2215475    998
43.0    1308878    2164674    997
43.1    1255553    2111771    871
43.2    1189588    2039858    804
43.3    1134287    1978496    785
43.4    1086627    1920776    709
43.5    1044401    1870559    619
43.6    997032    1813731    586
43.7    953708    1762437    563
43.8    915036    1708336    544
43.9    878895    1655718    468
44.0    839062    1597092    433
44.1    810091    1545866    400
44.2    782510    1491837    433
44.3    755747    1435906    348
44.4    730693    1377108    331
44.5    711350    1329196    283
44.6    694237    1282110    307
44.7    667443    1216749    265
44.8    650185    1169795    280
44.9    634117    1122312    236
45.0    620748    1081347    204
45.1    608717    1041881    230
45.2    599222    1004706    205
45.3    587988    964039    197
45.4    578610    931272    184
45.5    567700    897224    182
45.6    556113    864489    160
45.7    544132    837912    161
45.8    531547    812141    161
45.9    519182    792164    150
46.0    506788    775067    150
46.1    485098    748103    118
46.2    473159    734329    113
46.3    459635    714082    122
46.4    445506    698941    107
46.5    436040    684059    108
46.6    427577    674725    92
46.7    415535    660135    95
46.8    406278    649949    95
46.9    400401    640603    89
47.0    391829    635509    75
47.1    378940    623526    93
47.2    368910    615227    91
47.3    360294    608228    76
47.4    354661    599104    72
47.5    347300    591572    92
47.6    342853    580461    72
47.7    335808    568511    49
47.8    332931    559986    63
47.9    328159    545218    63
48.0    322305    534125    64
48.1    320429    525430    50
48.2    317376    520521    59
48.3    310958    512517    31
48.4    306672    506600    53
48.5    303161    500320    49
48.6    298534    491355    44
48.7    296799    488759    46
48.8    293658    482270    55
48.9    290847    472221    42
49.0    289200    466556    47
49.1    291452    459705    44
49.2    287149    452691    47
49.3    288129    447657    51
49.4    286816    444029    44
49.5    286710    442748    38
49.6    285396    439330    43
49.7    282443    440255    39
49.8    282286    431078    38
49.9    283899    425864    33
50.0    284694    422174    35
50.1    284845    419176    30
50.2    285013    414138    21
50.3    284708    409585    48
50.4    282869    409309    37
50.5    280825    405141    44
50.6    280985    403912    56
50.7    277586    404828    47
50.8    277957    404333    34
50.9    274962    402006    38
51.0    270468    397575    40
51.1    271280    396529    38
51.2    269072    392764    33
51.3    269125    391345    38
51.4    266932    392302    24
51.5    266335    390705    35
51.6    264436    389201    42
51.7    262395    388237    34
51.8    259517    387671    32
51.9    262566    386966    52
52.0    256293    388375    26
52.1    253999    388629    42
52.2    248775    387917    34
52.3    247134    385740    23
52.4    245748    386056    29
52.5    245832    383495    31
52.6    243528    381248    30
52.7    241618    383053    29
52.8    241628    381342    45
52.9    244452    381474    30
53.0    241220    380102    36
53.1    240562    379832    28
53.2    238595    379636    38
53.3    239526    380260    28
53.4    239228    380815    38
53.5    236302    377653    25
53.6    236668    374728    24
53.7    236606    372287    22
53.8    236967    369222    30
53.9    238828    368101    28
54.0    238017    368022    39
54.1    238685    364802    21
54.2    239095    362937    31
54.3    238315    362310    29
54.4    238344    360635    35
54.5    241721    360866    31
54.6    241577    360042    24
54.7    243439    358623    29
54.8    243686    358063    26
54.9    244599    353456    29
55.0    244873    351829    23
55.1    244486    352658    32
55.2    242812    350876    29
55.3    243995    350966    36
55.4    243367    350846    36
55.5    241912    349679    32
55.6    239806    349300    27
55.7    240542    349615    32
55.8    238609    352185    29
55.9    238361    350569    35
56.0    237075    347937    22
56.1    237097    350110    24
56.2    235784    348518    30
56.3    234692    348693    32
56.4    235045    346769    33
56.5    231583    349516    30
56.6    231623    348253    25
56.7    231982    349207    21
56.8    229745    350209    26
56.9    228923    346765    31
57.0    228326    347663    28
57.1    227379    347878    37
57.2    226994    349181    31
57.3    224337    347555    26
57.4    226434    348166    25
57.5    224580    344792    28
57.6    222192    343546    30
57.7    221317    344996    19
57.8    221063    344378    21
57.9    221513    346611    28
58.0    220578    344882    32
58.1    218974    341928    20
58.2    217933    343617    30
58.3    218917    341344    26
58.4    219779    340869    21
58.5    220235    339404    28
58.6    220836    340307    21
58.7    221179    337906    33
58.8    220570    337910    31
58.9    220500    336155    26
59.0    221020    334645    30
59.1    222855    337462    20
59.2    220647    335686    26
59.3    221650    333416    18
59.4    222355    334091    28
59.5    221650    330671    28
59.6    221984    330540    28
59.7    222185    331070    25
59.8    222719    333014    27
59.9    224498    333667    34
60.0    223100    331987    22
60.1    221221    331572    23
60.2    223501    328228    17
60.3    222677    330980    24
60.4    221778    332092    24
60.5    221187    333790    21
60.6    221326    331909    29
60.7    221653    331122    34
60.8    218705    330337    28
60.9    220051    330158    25
61.0    221358    329427    28
61.1    221333    331514    23
61.2    220830    332230    21
61.3    219621    333297    27
61.4    219316    333803    20
61.5    220017    332525    37
61.6    219441    333290    27
61.7    218931    333283    30
61.8    219627    334397    24
61.9    218952    334366    17
62.0    218450    330481    32
62.1    217358    331093    21
62.2    216169    330004    31
62.3    216611    331881    29
62.4    215848    330138    21
62.5    217395    331937    34
62.6    217198    332092    23
62.7    215878    333417    31
62.8    215405    329036    26
62.9    216003    329634    32
63.0    215531    327209    30
63.1    217127    331195    25
63.2    217763    329596    29
63.3    216839    326972    34
63.4    218041    326930    24
63.5    218097    327080    31
63.6    218788    325737    24
63.7    218157    328412    17
63.8    217425    327289    29
63.9    216856    324945    20
64.0    217134    324928    25
64.1    218393    324626    29
64.2    216276    325938    15
64.3    215761    327606    23
64.4    215034    324973    30
64.5    215530    322979    31
64.6    216680    325403    30
64.7    214854    325278    18
64.8    213253    326064    20
64.9    213605    327305    32
65.0    212633    327878    24
65.1    213078    325451    24
65.2    212936    324582    31
65.3    212130    323065    15
65.4    212303    325912    20
65.5    211189    324984    29
65.6    212663    326170    30
65.7    213116    324290    29
65.8    214594    323372    19
65.9    213313    322360    18
66.0    212018    322226    24
66.1    212823    321345    21
66.2    213425    321907    22
66.3    212915    323059    18
66.4    213992    320247    21
66.5    214039    317611    25
66.6    212305    317209    28
66.7    214964    319196    32
66.8    213608    319333    29
66.9    215500    317390    16
67.0    213779    317231    23
67.1    214311    316608    14
67.2    212171    316025    24
67.3    212319    315233    25
67.4    213631    317364    23
67.5    214055    317097    22
67.6    212523    316288    27
67.7    212783    315023    22
67.8    211637    315942    22
67.9    211814    315055    29
68.0    211135    318013    17
68.1    209456    317647    15
68.2    209777    318328    28
68.3    208393    319644    25
68.4    207634    316012    18
68.5    207019    317377    30
68.6    206869    318308    27
68.7    207109    319679    17
68.8    207652    318972    21
68.9    206749    320045    22
69.0    203075    317216    20
69.1    205667    321430    25
69.2    206322    319626    16
69.3    206035    319407    37
69.4    205335    320324    20
69.5    205696    318827    20
69.6    204903    318751    20
69.7    204935    316375    22
69.8    205604    314589    23
69.9    207631    314572    16
70.0    209184    314087    19
70.1    208113    313737    32
70.2    208643    314066    16
70.3    208891    313370    21
70.4    210039    311503    39
70.5    207828    311431    23
70.6    211224    311076    23
70.7    209552    313255    15
70.8    210692    312374    26
70.9    210966    310934    17
71.0    211393    309980    29
71.1    210346    311112    23
71.2    211024    311911    28
71.3    212345    310240    20
71.4    211348    310868    22
71.5    210508    312121    29
71.6    211270    310797    10
71.7    209476    311041    18
71.8    209845    312251    19
71.9    210324    312959    21
72.0    211103    314324    28
72.1    210535    314457    28
72.2    210237    313316    20
72.3    211202    313466    20
72.4    211559    313352    19
72.5    210199    313593    28
72.6    209481    313490    24
72.7    207877    313587    25
72.8    210483    312371    26
72.9    209857    309785    12
73.0    209173    311010    27
73.1    209067    312301    27
73.2    207990    313108    22
73.3    207285    310747    21
73.4    208985    309747    20
73.5    207375    307244    24
73.6    207805    307828    15
73.7    206780    309849    20
73.8    207158    311291    25
73.9    208310    311061    33
74.0    206678    310071    23
74.1    204482    307802    24
74.2    205044    307039    15
74.3    205172    308532    28
74.4    205057    307766    32
74.5    204890    309249    15
74.6    204151    308726    21
74.7    203699    307395    24
74.8    203502    307532    19
74.9    203771    307262    20
75.0    202824    309191    27
75.1    202514    308253    18
75.2    202194    308773    20
75.3    200694    306793    21
75.4    201220    306370    24
75.5    199765    308372    20
75.6    201305    308612    20
75.7    202808    309546    27
75.8    200590    308602    21
75.9    200025    307749    24
76.0    200518    304302    18
76.1    200340    304527    28
76.2    200425    306382    24
76.3    202618    304572    22
76.4    203408    305233    20
76.5    203520    303800    20
76.6    201428    303473    23
76.7    202422    302174    30
76.8    202670    302622    20
76.9    205381    302732    21
77.0    202387    302529    19
77.1    203783    301500    28
77.2    204109    301793    26
77.3    203135    300395    21
77.4    203261    302610    26
77.5    203363    300517    26
77.6    205127    302521    28
77.7    202883    301888    26
77.8    202387    300149    21
77.9    202724    298843    13
78.0    202202    299528    18
78.1    201428    302659    25
78.2    202122    302138    30
78.3    203371    302182    17
78.4    201060    302803    24
78.5    201261    302899    20
78.6    201177    304506    26
78.7    202700    305216    25
78.8    201249    306734    23
78.9    201706    304253    18
79.0    202343    302639    22
79.1    200642    303621    32
79.2    200244    303431    17
79.3    201460    306000    23
79.4    200418    305923    16
79.5    199334    306585    16
79.6    201484    305616    18
79.7    200671    304045    20
79.8    202652    304332    21
79.9    201672    304517    19
80.0    202876    302242    22
