# 2024-09-22 1560 SPDC measurment 
# Temperature scan betwen 22 and 80 C 
# This measurement DOES NOT inculde the coincidence stage where we seperate single photons based on polarization per channel 
# A narrowband filter is implemented in C21 (1560.61 nm) and C22 (1559.79 nm), bandwidth of 100 GHz# Each single-photon detector is connected to one channel: C21 and C22# TEST MEASUREMENT# --------------------------------- 
# input laser power: 83 mW  at 780 nm (262 mA) 
# pump polarization: H (uW) (+ V = 20 uW)# periodic pooling: 9.12 um# initial setup alignment at 22.0 C# integration time: 60 s 
# single photon detector darkcounts: 3.4 kHz 
# single photon detector QE: 30% 
# single photon detector dead time: 20 us 
# ---------------------------------- 
# Temperature    Clicks_1    Clicks_2    Correlations 
# [C]    [/]    [/]    [/] 
22.6    231782    357419    26
22.7    231328    358072    28
22.8    232264    357644    41
22.9    230792    357715    28
23.0    231212    358747    28
23.1    230203    357937    29
23.2    230114    357959    44
23.3    229839    359162    23
23.4    230303    361623    33
23.5    228733    362102    33
23.6    230035    361847    24
23.7    229399    364339    32
23.8    229251    364623    29
23.9    232294    364540    32
24.0    230661    363017    22
24.1    231971    362640    26
24.2    233061    365240    31
24.3    232678    364205    43
24.4    232704    363996    28
24.5    234275    365529    33
24.6    234390    366823    34
24.7    236257    366817    34
24.8    236804    367703    30
24.9    238140    369160    27
25.0    238683    367123    41
25.1    237099    364347    25
25.2    239257    366616    30
25.3    239736    366544    26
25.4    241821    369949    32
25.5    241588    368460    30
25.6    241161    367116    29
25.7    242129    368448    19
25.8    242112    366103    41
25.9    241903    368784    31
26.0    243633    369724    45
26.1    243154    371257    28
26.2    245160    369321    33
26.3    243718    372302    30
26.4    245099    372590    30
26.5    246763    371077    30
26.6    248070    370724    30
26.7    247442    371362    40
26.8    248801    374591    29
26.9    249172    375481    25
27.0    250054    376647    36
27.1    250318    379120    34
27.2    248946    379474    37
27.3    251686    380923    35
27.4    252422    382303    38
27.5    252743    383763    36
27.6    253332    383651    35
27.7    254359    382920    35
27.8    254083    383949    25
27.9    254593    386953    46
28.0    255947    388626    30
28.1    254148    396293    31
28.2    255358    396248    28
28.3    253499    402574    24
28.4    255195    404803    36
28.5    256264    407649    30
28.6    255411    410825    38
28.7    257650    411060    25
28.8    259013    416190    22
28.9    259598    418990    34
29.0    259995    418707    33
29.1    263563    422292    33
29.2    263362    422065    39
29.3    264809    422767    36
29.4    265961    422482    41
29.5    268500    428015    30
29.6    272254    428845    40
29.7    273020    427512    38
29.8    277231    426890    52
29.9    280793    424882    47
30.0    284980    424530    46
30.1    292026    424649    48
30.2    293772    424766    47
30.3    298242    424180    44
30.4    303730    424144    53
30.5    305855    425943    49
30.6    309129    432304    40
30.7    312514    434697    49
30.8    314109    440510    53
30.9    316097    446865    51
31.0    318445    452276    52
31.1    320014    452095    52
31.2    321881    455441    50
31.3    323696    462422    65
31.4    323550    464591    50
31.5    323580    471444    63
31.6    323719    477742    52
31.7    319994    484090    48
31.8    316718    489444    46
31.9    314961    497014    57
32.0    318346    505134    53
32.1    318915    511777    58
32.2    321476    512886    58
32.3    322756    516333    56
32.4    328491    519310    72
32.5    334017    521152    64
32.6    338592    524844    54
32.7    344383    526778    60
32.8    351491    536091    58
32.9    354733    545852    67
33.0    361380    557425    58
33.1    364766    567852    79
33.2    369958    581198    75
33.3    374104    596204    71
33.4    380169    608264    76
33.5    384210    619492    89
33.6    392366    632643    84
33.7    396013    644840    106
33.8    401776    660156    107
33.9    405597    674387    111
34.0    408480    692188    94
34.1    413973    716556    108
34.2    414610    743576    113
34.3    416861    761058    103
34.4    420140    795794    113
34.5    427459    829551    143
34.6    435794    863611    144
34.7    449239    894680    138
34.8    465896    923777    142
34.9    485168    952117    170
35.0    505340    973601    168
35.1    526737    995341    210
35.2    544485    1017632    199
35.3    563788    1040615    203
35.4    584641    1062760    223
35.5    603652    1087281    265
35.6    624907    1113234    257
35.7    649467    1135812    248
35.8    677510    1155273    268
35.9    708307    1171739    271
36.0    747845    1187043    337
36.1    784970    1197723    324
36.2    824501    1206092    350
36.3    861985    1213126    365
36.4    902628    1231018    417
36.5    938064    1255750    429
36.6    969104    1296297    470
36.7    998098    1358424    472
36.8    1024147    1443834    543
36.9    1049841    1546815    550
37.0    1075174    1660997    610
37.1    1098463    1774407    689
37.2    1123900    1887682    689
37.3    1138237    1942869    809
37.4    1165699    2043162    820
37.5    1191289    2130517    879
37.6    1216611    2206007    870
37.7    1235624    2266660    976
37.8    1248844    2308859    965
37.9    1265071    2364621    1000
38.0    1267520    2381840    1002
38.1    1282027    2408681    1042
38.2    1303798    2427996    1083
38.3    1360671    2445884    1108
38.4    1425763    2452851    1155
38.5    1515916    2455668    1305
38.6    1626368    2453239    1419
38.7    1745456    2446756    1418
38.8    1865158    2436346    1538
38.9    1978878    2420010    1654
39.0    2082231    2400255    1734
39.1    2172716    2374666    1739
39.2    2250483    2345016    1802
39.3    2312959    2312292    1832
39.4    2364408    2274827    1828
39.5    2406963    2232937    1853
39.6    2440677    2190694    1756
39.7    2467972    2146234    1781
39.8    2487492    2101385    1719
39.9    2501975    2060155    1764
40.0    2512062    2021953    1806
40.1    2518207    1995192    1648
40.2    2520297    1981889    1721
40.3    2517876    1982707    1726
40.4    2511855    2001042    1723
40.5    2501942    2034236    1738
40.6    2486650    2081277    1713
40.7    2467924    2132002    1903
40.8    2445693    2184018    1821
40.9    2419732    2233116    1840
41.0    2391617    2279637    1878
41.1    2355400    2321669    1837
41.2    2313697    2358638    1786
41.3    2272502    2387685    1922
41.4    2223156    2416199    1835
41.5    2169493    2438541    1828
41.6    2121009    2454134    1769
41.7    2053252    2467596    1670
41.8    1998563    2473419    1648
41.9    1945645    2474372    1565
42.0    1891474    2471042    1613
42.1    1836389    2463077    1492
42.2    1782247    2450587    1453
42.3    1729748    2434868    1452
42.4    1669917    2412595    1321
42.5    1612131    2385545    1258
42.6    1551456    2352246    1154
42.7    1500918    2319158    1183
42.8    1443729    2280327    1130
42.9    1383207    2233920    997
43.0    1328296    2184188    975
43.1    1273822    2134280    935
43.2    1218901    2076326    841
43.3    1164649    2016414    770
43.4    1119271    1962720    751
43.5    1068601    1903880    677
43.6    1025451    1853014    638
43.7    983148    1801701    575
43.8    929911    1732318    551
43.9    893534    1680775    477
44.0    856051    1625181    490
44.1    823123    1570590    408
44.2    790170    1513518    395
44.3    768147    1464086    385
44.4    741907    1410118    353
44.5    718281    1353200    352
44.6    696396    1304651    320
44.7    678135    1257338    281
44.8    661936    1213937    270
44.9    638196    1151345    235
45.0    625396    1107335    271
45.1    612087    1065008    217
45.2    596972    1022763    211
45.3    584934    985864    211
45.4    574881    946567    185
45.5    563836    914503    171
45.6    555625    883823    153
45.7    549058    863125    152
45.8    533513    829645    127
45.9    522198    808533    156
46.0    502444    778061    140
46.1    488693    755621    119
46.2    475534    738140    120
46.3    463794    722808    112
46.4    450310    704382    117
46.5    439155    689967    91
46.6    431558    675597    94
46.7    418052    663312    89
46.8    407747    650055    92
46.9    401050    638070    86
47.0    392043    628375    91
47.1    382268    622866    90
47.2    372550    610611    76
47.3    362719    603071    68
47.4    355390    592715    74
47.5    346807    585566    60
47.6    341586    574540    72
47.7    334512    564727    67
47.8    332255    553363    59
47.9    327260    543532    63
48.0    323304    534006    63
48.1    320565    525456    65
48.2    315390    514913    59
48.3    310538    510154    69
48.4    305240    502978    45
48.5    301390    494936    62
48.6    298272    492170    44
48.7    293242    484514    56
48.8    292701    479048    46
48.9    291225    473298    48
49.0    289028    468523    49
49.1    288298    456589    45
49.2    285583    451843    47
49.3    285692    444982    40
49.4    285334    441710    47
49.5    282702    439165    41
49.6    283106    436602    36
49.7    283158    434334    55
49.8    280786    429100    43
49.9    280389    426308    45
50.0    280506    421017    48
50.1    281820    417297    46
50.2    281601    416030    31
50.3    279896    411281    40
50.4    280390    407421    40
50.5    277704    403256    49
50.6    277753    402143    43
50.7    275176    398970    23
50.8    275399    399032    32
50.9    272277    399582    37
51.0    270068    399174    37
51.1    268634    394152    31
51.2    269348    394071    38
51.3    267326    390404    38
51.4    266225    390453    31
51.5    266270    389774    36
51.6    264424    389078    30
51.7    261002    385934    34
51.8    260459    385779    39
51.9    257564    386253    35
52.0    256597    384380    37
52.1    253365    387675    31
52.2    251545    387236    34
52.3    251107    386007    34
52.4    249902    384937    32
52.5    247698    380798    40
52.6    246150    381533    33
52.7    246249    380275    33
52.8    244540    381394    31
52.9    245036    381079    32
53.0    242839    376394    37
53.1    238070    378556    27
53.2    236958    377381    28
53.3    235821    378283    32
53.4    235105    378739    26
53.5    233571    377061    34
53.6    234845    376137    29
53.7    234952    372736    23
53.8    236852    370516    24
53.9    234619    367928    33
54.0    235493    366326    34
54.1    236884    364997    16
54.2    237307    363718    41
54.3    238761    365494    25
54.4    236831    361258    31
54.5    238163    358314    26
54.6    239884    361201    31
54.7    239799    359694    43
54.8    240326    356396    31
54.9    242120    356375    29
55.0    242537    352236    29
55.1    240076    350611    41
55.2    242384    349500    28
55.3    241089    350544    23
55.4    240990    350665    34
55.5    239928    351381    27
55.6    238759    349443    24
55.7    237401    347704    33
55.8    237241    347967    31
55.9    237237    348168    31
56.0    235878    348888    31
56.1    236144    352968    28
56.2    235580    353448    40
56.3    233593    353464    28
56.4    232374    350414    43
56.5    232762    351811    21
56.6    232757    352510    31
56.7    229214    354411    34
56.8    231769    353364    31
56.9    228394    352482    36
57.0    226429    353016    26
57.1    227919    352338    30
57.2    227274    352184    22
57.3    228151    351558    24
57.4    226505    350593    25
57.5    223944    351441    24
57.6    222954    350758    18
57.7    222383    350340    31
57.8    219955    349627    19
57.9    219423    351463    32
58.0    218514    350352    23
58.1    217994    349207    21
58.2    220254    347435    21
58.3    218298    346788    26
58.4    218496    343723    27
58.5    219592    343881    32
58.6    219272    342056    22
58.7    220607    339873    38
58.8    220291    339180    32
58.9    220356    337221    26
59.0    220351    336177    28
59.1    221104    335989    25
59.2    221154    337654    26
59.3    220786    334890    33
59.4    221750    335102    26
59.5    221798    334427    22
59.6    220988    331911    21
59.7    221471    332940    24
59.8    221459    333469    35
59.9    221079    333816    19
60.0    221296    333941    28
60.1    221876    334751    21
60.2    219406    332686    24
60.3    219038    332983    22
60.4    222163    335034    24
60.5    222691    334408    10
60.6    222289    333160    23
60.7    222232    332843    26
60.8    222079    331111    27
60.9    221650    333094    26
61.0    222419    329522    28
61.1    220501    332765    29
61.2    221388    334896    34
61.3    221815    337981    20
61.4    220152    333924    36
61.5    221598    334998    14
61.6    221492    336192    19
61.7    220220    333922    22
61.8    221000    335164    22
61.9    219355    334533    27
62.0    219473    336574    28
62.1    219024    334487    12
62.2    219535    332899    30
62.3    220343    332252    30
62.4    217528    334024    20
62.5    216328    332899    31
62.6    218504    333390    31
62.7    217207    334677    24
62.8    215619    333110    20
62.9    215718    332094    21
63.0    217690    332244    22
63.1    218785    331379    34
63.2    219894    330756    16
63.3    219262    330625    21
63.4    219069    327857    19
63.5    219970    329116    29
63.6    218210    326955    32
63.7    217578    329038    13
63.8    219420    330201    26
63.9    218790    330345    26
64.0    217157    327273    17
64.1    216322    326496    14
64.2    217778    326879    27
64.3    216269    327488    20
64.4    216423    329596    26
64.5    218402    328980    23
64.6    215179    327502    19
64.7    214226    327449    23
64.8    214637    328109    27
64.9    215172    328764    27
65.0    215281    329042    30
65.1    214282    328616    26
65.2    214406    329566    22
65.3    211848    326844    19
65.4    213102    326653    22
65.5    212229    326515    21
65.6    214126    324991    26
65.7    214948    326583    26
65.8    215237    329478    25
65.9    213176    327862    29
66.0    212322    327355    31
66.1    213655    323976    24
66.2    215054    325351    31
66.3    213644    324878    20
66.4    214608    323616    28
66.5    213698    323205    18
66.6    214346    321334    24
66.7    214394    321589    25
66.8    214353    322003    22
66.9    214921    322245    26
67.0    215189    320229    32
67.1    214096    321607    26
67.2    214626    319410    36
67.3    213648    317822    25
67.4    213655    318320    19
67.5    213175    318552    19
67.6    212694    320757    27
67.7    214697    321790    31
67.8    212195    318103    21
67.9    212387    317987    36
68.0    210742    317997    19
68.1    211429    320661    29
68.2    210739    320574    22
68.3    209893    323958    20
68.4    209903    321973    33
68.5    207074    318685    25
68.6    207723    320415    22
68.7    208809    322231    23
68.8    208263    324800    22
68.9    207612    322751    18
69.0    207051    322491    32
69.1    205572    322847    17
69.2    205180    320495    17
69.3    204169    322503    18
69.4    205275    321329    28
69.5    207576    322974    16
69.6    206349    322244    28
69.7    205399    322417    15
69.8    206683    318609    25
69.9    205791    318354    19
70.0    208541    320262    22
70.1    209965    318506    22
70.2    208900    319391    22
70.3    211851    318598    25
70.4    210142    316280    18
70.5    210972    315751    25
70.6    212492    316483    25
70.7    212986    318363    23
70.8    212643    317726    27
70.9    211472    315865    20
71.0    212179    314637    17
71.1    210736    316016    28
71.2    212716    315241    22
71.3    213077    317291    22
71.4    211153    317043    33
71.5    211885    318492    19
71.6    210672    316430    24
71.7    210657    315675    20
71.8    209635    317012    25
71.9    210239    317956    27
72.0    210215    319476    17
72.1    211475    318778    29
72.2    209437    320592    17
72.3    211547    317526    20
72.4    209891    318392    24
72.5    211724    318449    37
72.6    209314    318036    16
72.7    209978    320787    21
72.8    209539    317488    16
72.9    208592    318338    23
73.0    210206    314485    25
73.1    209423    316567    26
73.2    210405    318177    21
73.3    208541    317668    26
73.4    208636    315032    18
73.5    206522    315692    29
73.6    206689    316092    23
73.7    206806    315059    20
73.8    204956    316650    25
73.9    207051    316999    13
74.0    205690    316490    19
74.1    204149    314624    14
74.2    206487    315519    27
74.3    204607    316375    23
74.4    206491    313987    26
74.5    207356    313887    15
74.6    204639    316842    26
74.7    204708    315777    23
74.8    203932    315141    18
74.9    203347    313138    30
75.0    203310    315417    19
75.1    202064    317546    30
75.2    201759    317054    27
75.3    201641    315363    14
75.4    201432    313020    22
75.5    201692    314850    20
75.6    200783    316569    26
75.7    201439    317270    19
75.8    200963    315996    14
75.9    203525    314347    19
76.0    201951    313315    29
76.1    201545    312836    21
76.2    203216    314098    19
76.3    204978    313468    23
76.4    204454    312944    30
76.5    202336    312071    19
76.6    205420    311650    19
76.7    203302    310155    28
76.8    205465    309667    26
76.9    204734    310666    21
77.0    205333    311481    21
77.1    206071    309138    22
77.2    205874    309083    20
77.3    204901    308688    25
77.4    205357    307413    26
77.5    205098    310762    13
77.6    206697    311961    16
77.7    205203    311751    15
77.8    204315    310408    24
77.9    204571    309139    26
78.0    203906    308303    34
78.1    203654    309416    26
78.2    204253    312084    20
78.3    203176    312891    22
78.4    202778    312019    17
78.5    202519    311270    19
78.6    201789    310885    20
78.7    204815    312900    13
78.8    202572    312782    25
78.9    202631    313223    22
79.0    201650    312956    29
79.1    201791    312673    20
79.2    203001    311358    20
79.3    203037    312847    22
79.4    202043    311105    19
79.5    202689    312882    16
79.6    202416    312986    26
79.7    201915    311293    19
79.8    205159    308864    24
79.9    204521    308716    24
80.0    206074    311274    20
