# 2023-05-17 1310 SFG measurment
# full measurement of the phasematching condition, now for controler 2 and oven 2 
# temperature scan betwen 30 and 90 C 
# now for a different pooling 
# --------------------------------- 
# input laser power: __ mW at 1310 nm (70 mA) 
# pump polarization: H + V # periodic pooling: 6.57 um (same as the first measurement for the first controler# initial setup alignment at 23.0 C# integration time: 60 s 
# single photon detector darkcounts: 150 Hz 
# single photon detector QE: __% 
# single photon detector dead time: __ us 
# ---------------------------------- 
# Temperature    Clicks_1    Clicks_2    Correlations 
# [C]    [/]    [/]    [/] 
30.0    34610    17243    0
30.1    34967    17106    1
30.2    35885    16902    0
30.3    36191    16803    0
30.4    36686    16839    0
30.5    36793    16767    0
30.6    36797    16945    0
30.7    36712    16646    0
30.8    37192    17128    0
30.9    36480    16857    1
31.0    36105    16675    0
31.1    35633    16895    1
31.2    34513    16829    0
31.3    33956    17015    0
31.4    33432    16680    0
31.5    33003    16501    0
31.6    31103    17072    1
31.7    30496    16994    0
31.8    29009    16722    0
31.9    28418    16907    0
32.0    27327    16644    0
32.1    26537    17086    0
32.2    25992    16758    0
32.3    24079    16929    0
32.4    23814    16792    0
32.5    23265    16831    0
32.6    21912    16953    0
32.7    21784    17038    0
32.8    21217    16899    0
32.9    20656    17052    0
33.0    20765    16817    0
33.1    20511    17018    0
33.2    20509    16831    1
33.3    20643    16856    1
33.4    20645    16971    0
33.5    21589    16996    0
33.6    22390    16772    1
33.7    23521    16749    0
33.8    24529    16931    0
33.9    25586    16789    0
34.0    27095    17061    1
34.1    28398    16736    0
34.2    29536    16782    1
34.3    31937    16819    0
34.4    33567    16856    0
34.5    34757    16804    1
34.6    37496    16645    0
34.7    39416    16883    0
34.8    41632    16817    0
34.9    43167    16784    0
35.0    44469    16904    0
35.1    47991    16760    0
35.2    48657    16770    0
35.3    51637    16837    1
35.4    52782    16766    0
35.5    55207    16971    0
35.6    56765    16726    0
35.7    57461    17095    0
35.8    58445    16964    0
35.9    59656    16957    0
36.0    60515    16989    0
36.1    60644    16946    0
36.2    60958    17037    0
36.3    60600    16841    1
36.4    61148    16729    1
36.5    60850    16908    0
36.6    60424    16990    0
36.7    60042    16846    0
36.8    58932    17024    0
36.9    58634    16760    0
37.0    56813    16892    0
37.1    56479    16994    0
37.2    54762    16730    0
37.3    53337    17062    0
37.4    52760    16902    0
37.5    49670    16600    1
37.6    48655    16878    0
37.7    47428    16975    0
37.8    43955    16751    0
37.9    41949    16862    0
38.0    40502    17062    0
38.1    39207    17076    1
38.2    37320    17008    0
38.3    36343    16939    1
38.4    35996    16958    0
38.5    34415    17074    0
38.6    34352    16945    1
38.7    34338    16753    1
38.8    34776    16773    1
38.9    34901    16903    0
39.0    36387    16735    0
39.1    36983    17078    0
39.2    38215    17095    0
39.3    40501    16900    0
39.4    41710    17145    1
39.5    43026    16861    0
39.6    46287    16671    0
39.7    48180    16854    1
39.8    50359    16886    0
39.9    54970    16828    0
40.0    57796    16670    1
40.1    59890    16783    1
40.2    65932    17058    0
40.3    70578    16674    0
40.4    73591    16950    0
40.5    76549    17113    0
40.6    83356    17153    0
40.7    86531    17178    0
40.8    89275    16828    1
40.9    95378    16739    2
41.0    96130    16849    0
41.1    100516    17076    0
41.2    101766    17018    0
41.3    103846    16927    1
41.4    105811    16900    0
41.5    107147    16824    1
41.6    106960    16928    2
41.7    107623    16771    1
41.8    108096    16931    0
41.9    107243    17028    2
42.0    106157    16823    2
42.1    105023    16967    1
42.2    102102    16773    1
42.3    100546    16759    0
42.4    98634    16685    0
42.5    94019    16838    0
42.6    91639    16695    1
42.7    86212    17050    0
42.8    83607    16706    0
42.9    80821    16793    0
43.0    74118    16597    0
43.1    70685    16767    1
43.2    65463    16824    0
43.3    63395    16940    0
43.4    60904    16951    1
43.5    56458    16974    0
43.6    54537    17019    0
43.7    54051    16788    0
43.8    53859    17013    1
43.9    56237    16761    0
44.0    58532    16841    0
44.1    62648    16735    0
44.2    67838    17106    1
44.3    77063    16831    1
44.4    84886    16737    0
44.5    91444    16946    2
44.6    112807    17035    0
44.7    124796    16772    2
44.8    136947    17065    3
44.9    170355    16797    1
45.0    187223    16815    0
45.1    203987    17041    1
45.2    251563    16835    1
45.3    274070    16997    2
45.4    321018    16975    1
45.5    346443    16788    0
45.6    370209    16875    3
45.7    444855    17115    0
45.8    477604    16904    3
45.9    549980    16697    3
46.0    594601    16971    0
46.1    631805    16886    4
46.2    717201    17079    5
46.3    767718    16896    2
46.4    805403    16922    1
46.5    905512    16798    7
46.6    958750    16907    5
46.7    1001642    16857    5
46.8    1116445    17020    6
46.9    1174692    16720    6
47.0    1218811    17056    1
47.1    1336463    16938    8
47.2    1390383    17003    9
47.3    1439569    16716    3
47.4    1561120    16884    12
47.5    1613397    16911    9
47.6    1658965    16962    9
47.7    1778129    17038    7
47.8    1796111    16993    3
47.9    1914438    16912    13
48.0    1954790    16872    11
48.1    1996494    16907    9
48.2    2101931    16615    11
48.3    2135408    16972    17
48.4    2216722    17098    9
48.5    2256395    16971    12
48.6    2290574    16963    15
48.7    2357688    16861    14
48.8    2386677    17006    14
48.9    2411457    17014    17
49.0    2462976    16989    11
49.1    2482004    17018    18
49.2    2494189    16725    17
49.3    2525083    16869    15
49.4    2528822    17090    23
49.5    2532928    16840    19
49.6    2536126    16949    15
49.7    2529136    17069    17
49.8    2525689    17091    15
49.9    2496554    17000    16
50.0    2483788    17011    5
50.1    2465760    17095    16
50.2    2417451    16815    11
50.3    2393370    16826    16
50.4    2367708    16969    11
50.5    2300360    16815    9
50.6    2270836    16730    12
50.7    2240810    17019    12
50.8    2151442    16814    10
50.9    2109597    16918    18
51.0    2026624    16859    11
51.1    1971945    16862    7
51.2    1927831    16880    4
51.3    1831063    17005    6
51.4    1776187    16975    12
51.5    1730176    16738    9
51.6    1620512    16759    15
51.7    1560743    16841    10
51.8    1513645    16720    6
51.9    1396053    16733    8
52.0    1340237    16900    8
52.1    1294833    16934    9
52.2    1181757    16597    7
52.3    1130614    17057    5
52.4    1087728    16732    4
52.5    981033    16864    10
52.6    938266    16909    2
52.7    900915    17085    3
52.8    796617    17251    5
52.9    758209    16628    7
53.0    724730    16990    6
53.1    634062    16880    3
53.2    602087    17114    2
53.3    573956    16798    4
53.4    499533    16859    1
53.5    472419    16876    0
53.6    448907    16869    4
53.7    390713    16771    0
53.8    370843    16768    2
53.9    332643    16898    2
54.0    311030    17068    3
54.1    297596    16899    3
54.2    270078    16792    0
54.3    258111    17177    2
54.4    251338    16963    2
54.5    234823    17004    2
54.6    229848    16881    0
54.7    227554    16896    1
54.8    221102    17084    2
54.9    221030    16937    1
55.0    220208    17057    1
55.1    222612    16867    1
55.2    224447    16778    3
55.3    227272    16857    1
55.4    235954    17132    1
55.5    240011    16885    2
55.6    243467    17004    2
55.7    256178    17101    1
55.8    260674    16632    0
55.9    264751    17096    0
56.0    277873    16933    0
56.1    282257    17134    1
56.2    286458    16877    1
56.3    296238    16831    2
56.4    300295    16898    3
56.5    306653    17063    2
56.6    310593    16912    1
56.7    312397    17049    0
56.8    313913    16536    3
56.9    313486    16851    1
57.0    314396    16953    5
57.1    314129    17001    0
57.2    311497    16883    2
57.3    306909    16803    0
57.4    303446    16722    2
57.5    301158    16821    2
57.6    290523    16886    2
57.7    286207    16657    6
57.8    281216    16798    1
57.9    266579    16961    1
58.0    260466    16946    4
58.1    253998    16616    1
58.2    238078    16955    1
58.3    231652    17100    0
58.4    224311    16654    2
58.5    207252    17007    1
58.6    199345    16848    1
58.7    191656    17078    0
58.8    173950    16857    1
58.9    167729    16923    0
59.0    151821    16835    1
59.1    143678    16806    0
59.2    137036    16994    0
59.3    122875    16913    1
59.4    115176    16939    0
59.5    110430    16898    1
59.6    97508    16851    0
59.7    91714    16976    3
59.8    87790    16939    0
59.9    78407    16787    0
60.0    74149    16740    0
60.1    71843    16797    0
60.2    65356    17049    0
60.3    63596    16895    1
60.4    62000    16764    0
60.5    58678    16757    0
60.6    58639    16972    0
60.7    58031    16690    0
60.8    57840    16871    0
60.9    58062    16731    0
61.0    58699    16936    0
61.1    61324    16827    0
61.2    62007    17198    0
61.3    63257    16743    0
61.4    66888    16922    0
61.5    67960    17171    0
61.6    69708    16808    0
61.7    74875    16844    0
61.8    76135    17054    0
61.9    80026    16891    0
62.0    82223    16994    0
62.1    84093    16830    0
62.2    87340    16866    1
62.3    88195    16933    0
62.4    90212    16934    1
62.5    92129    16814    2
62.6    92597    16828    0
62.7    93632    17024    1
62.8    94686    17073    2
62.9    94811    16874    1
63.0    95136    16963    1
63.1    94700    17004    1
63.2    93393    17084    1
63.3    93113    16904    0
63.4    90685    17052    0
63.5    89194    16830    1
63.6    88194    17084    0
63.7    84673    17018    0
63.8    82090    17165    0
63.9    81034    16837    0
64.0    75843    16976    1
64.1    73863    16722    0
64.2    72394    16879    0
64.3    66514    16903    1
64.4    64320    17110    0
64.5    59441    16816    1
64.6    57011    17139    0
64.7    54741    16842    0
64.8    49857    16866    0
64.9    47336    16851    2
65.0    46041    16953    0
65.1    42193    17058    0
65.2    40265    17180    1
65.3    39185    16870    0
65.4    35836    16767    0
65.5    33979    17054    0
65.6    33614    16923    0
65.7    31164    16908    0
65.8    30530    17022    0
65.9    30340    16953    0
66.0    29271    16880    0
66.1    28948    17021    0
66.2    28785    17040    1
66.3    28666    17047    0
66.4    29186    17159    0
66.5    29316    17083    1
66.6    30903    16992    0
66.7    31406    16925    0
66.8    31886    16953    0
66.9    34150    17012    0
67.0    34923    17051    0
67.1    36869    17092    0
67.2    37430    16883    1
67.3    38856    16930    1
67.4    40275    17215    0
67.5    41897    16946    1
67.6    42303    16787    1
67.7    44128    16886    0
67.8    44867    17086    0
67.9    45059    17131    0
68.0    46838    16973    0
68.1    46963    16945    0
68.2    47216    16994    0
68.3    48121    16931    0
68.4    48306    17003    1
68.5    48444    16833    0
68.6    48059    16799    2
68.7    47930    16659    0
68.8    47082    16989    0
68.9    46240    17136    0
69.0    45855    16987    0
69.1    45421    16815    0
69.2    44251    17064    0
69.3    42888    16844    1
69.4    42445    16954    1
69.5    39960    16861    0
69.6    39451    17159    0
69.7    38567    16969    0
69.8    36160    16428    1
69.9    35255    17064    0
70.0    32669    16744    0
70.1    31892    16978    0
70.2    30616    16725    0
70.3    28339    16749    0
70.4    27785    16765    0
70.5    26533    16469    0
70.6    24773    16833    0
70.7    23961    16711    0
70.8    23523    16765    0
70.9    22389    16946    1
71.0    21836    16753    1
71.1    21649    16649    2
71.2    21065    16593    0
71.3    20735    16768    0
71.4    20651    17045    0
71.5    20852    16811    0
71.6    20914    16824    0
71.7    20887    16650    1
71.8    21471    17098    0
71.9    21662    16947    0
72.0    21977    16718    0
72.1    22770    16777    0
72.2    23477    16786    0
72.3    23527    16918    0
72.4    25006    16777    1
72.5    25712    16950    0
72.6    26939    16594    1
72.7    27451    16749    0
72.8    27587    16940    0
72.9    29312    16929    0
73.0    29839    16806    1
73.1    30261    16742    0
73.2    31483    16746    0
73.3    31503    16803    1
73.4    31624    16830    0
73.5    32423    16952    0
73.6    32542    17108    0
73.7    32712    16831    1
73.8    32752    16704    0
73.9    32507    16799    0
74.0    32337    16835    0
74.1    32189    16817    0
74.2    31526    16794    0
74.3    31624    16968    0
74.4    30509    16760    0
74.5    30402    16736    0
74.6    30064    16907    0
74.7    28342    17054    0
74.8    28000    16705    0
74.9    27432    16837    0
75.0    25908    16739    1
75.1    25364    16641    0
75.2    24745    16923    1
75.3    23077    16740    0
75.4    22614    16767    0
75.5    21168    16840    0
75.6    20535    17027    1
75.7    19927    16887    0
75.8    18757    16803    0
75.9    18183    16938    0
76.0    17422    16717    0
76.1    16600    16721    0
76.2    16213    16711    0
76.3    16156    16866    0
76.4    15000    16635    0
76.5    14852    17070    0
76.6    14948    16789    0
76.7    14586    16850    0
76.8    14398    16908    0
76.9    14749    16833    1
77.0    14766    16871    0
77.1    15010    16551    0
77.2    15206    16859    0
77.3    15893    16794    0
77.4    16042    16884    0
77.5    16546    16857    0
77.6    17386    16957    0
77.7    17761    16942    0
77.8    17663    16979    0
77.9    18538    16928    0
78.0    18903    16855    0
78.1    19408    16773    1
78.2    20056    16934    0
78.3    20345    16653    0
78.4    21009    16861    0
78.5    21531    16937    0
78.6    21939    16818    0
78.7    22170    16812    0
78.8    22694    16795    0
78.9    23011    16701    1
79.0    23171    16799    0
79.1    23359    16748    1
79.2    23678    16834    0
79.3    23381    16984    0
79.4    23125    16711    1
79.5    23126    16792    0
79.6    22444    16727    0
79.7    22098    16810    0
79.8    22112    17053    0
79.9    21188    16628    0
80.0    21021    16887    0
80.1    20996    16938    0
80.2    19932    16832    0
80.3    19201    16815    0
80.4    19331    16703    0
80.5    18259    16910    0
80.6    18104    16651    0
80.7    17289    16777    0
80.8    17012    17057    1
80.9    16428    16813    1
81.0    15669    16720    0
81.1    15207    16885    0
81.2    14756    16895    0
81.3    14405    16750    0
81.4    14206    16634    0
81.5    14001    16768    0
81.6    13463    16776    0
81.7    13296    17021    0
81.8    13300    16899    0
81.9    13164    16872    0
82.0    13262    16875    0
82.1    13182    16590    0
82.2    13286    17081    0
82.3    13142    16742    0
82.4    13403    16693    0
82.5    13674    16889    0
82.6    14085    16960    0
82.7    13973    16721    0
82.8    14544    16883    0
82.9    14835    16853    0
83.0    15065    16723    0
83.1    15865    16891    0
83.2    16267    16930    0
83.3    16233    16879    1
83.4    17200    16891    0
83.5    17308    17100    0
83.6    17910    17001    0
83.7    18064    16725    0
83.8    18469    16831    0
83.9    18594    17191    0
84.0    18862    16700    0
84.1    18581    16693    0
84.2    19226    16883    0
84.3    19176    17048    0
84.4    19116    16928    0
84.5    19054    16863    0
84.6    19216    16833    0
84.7    19056    16897    0
84.8    18842    16683    0
84.9    18619    16900    0
85.0    18486    16737    0
85.1    18092    16995    0
85.2    17900    16862    0
85.3    17820    16974    0
85.4    17071    16615    0
85.5    16992    16882    0
85.6    16926    17020    0
85.7    15846    16842    0
85.8    15712    17008    0
85.9    15435    16976    0
86.0    14733    16741    0
86.1    14649    16559    0
86.2    14053    16697    0
86.3    13905    16899    0
86.4    13442    17081    0
86.5    13296    16783    0
86.6    12897    16842    1
86.7    12975    16874    0
86.8    12560    16913    0
86.9    12585    16822    0
87.0    12692    16893    0
87.1    12425    16862    0
87.2    12501    16951    0
87.3    12425    16873    1
87.4    12842    16877    0
87.5    12572    16890    0
87.6    12996    16724    0
87.7    13361    16643    0
87.8    13361    16782    0
87.9    13594    16929    0
88.0    13981    16831    0
88.1    14308    17174    0
88.2    14515    16580    1
88.3    14797    17178    0
88.4    14957    16571    1
88.5    15234    17028    0
88.6    15934    16917    0
88.7    15612    16533    0
88.8    16463    16718    0
88.9    16601    16862    0
89.0    16841    16946    0
89.1    16936    16810    0
89.2    16867    16830    0
89.3    16990    16836    0
89.4    17431    16765    0
89.5    17530    16941    0
89.6    17450    16756    0
89.7    17274    16991    0
89.8    17336    16767    0
89.9    17003    16890    0
90.0    16914    16953    0
90.1    16744    16762    0
90.2    16523    16989    0
90.3    16321    16826    0
90.4    15818    16813    0
90.5    15701    16703    0
90.6    15173    16810    0
90.7    14954    16846    0
90.8    14704    17017    0
90.9    14338    17005    0
91.0    14062    16922    0
91.1    14014    17108    0
91.2    13117    16895    0
91.3    13008    16915    0
91.4    12992    16803    0
91.5    12395    16947    0
91.6    12358    16882    0
91.7    11883    16984    0
91.8    11769    16638    0
91.9    11830    16857    0
92.0    11522    16985    0
92.1    11603    16725    0
92.2    11703    16844    0
92.3    11646    17054    0
92.4    11614    17003    0
92.5    11586    16650    0
92.6    11591    16823    0
92.7    11830    16963    0
92.8    12050    16909    0
92.9    12300    16834    0
93.0    12797    16745    0
93.1    12778    16691    0
93.2    13178    16876    0
93.3    13451    16839    0
93.4    13583    16857    0
93.5    14108    16553    0
93.6    14208    17052    0
93.7    14613    16809    0
93.8    14816    16910    0
93.9    14963    16874    0
94.0    15222    17004    0
94.1    15502    16718    0
94.2    15618    17101    0
94.3    15753    16739    0
94.4    15914    17017    0
94.5    16030    17037    0
94.6    16041    16714    1
94.7    16299    16775    0
94.8    16220    16803    0
94.9    16089    16933    0
95.0    16067    16632    0
95.1    16300    16668    0
95.2    16256    16773    0
95.3    16046    17182    0
95.4    15979    17035    0
95.5    15500    16672    0
95.6    15270    16869    0
95.7    15155    17088    0
95.8    14564    16763    1
95.9    14296    16565    1
96.0    14188    16798    0
96.1    13920    16877    0
96.2    13741    16858    0
96.3    13750    16704    1
96.4    13168    16904    0
96.5    13336    16797    0
96.6    13175    16963    1
96.7    13084    17115    0
96.8    12862    16823    0
96.9    12649    16827    0
97.0    12679    16753    0
97.1    12315    17034    1
97.2    12345    16760    0
97.3    12016    17081    0
97.4    11993    16849    0
97.5    12014    16791    0
97.6    12379    16836    0
97.7    12209    16643    1
97.8    12638    16969    0
97.9    12625    16910    0
98.0    12577    16661    0
98.1    13017    16648    0
98.2    12991    16569    0
98.3    13130    16708    0
98.4    13241    16917    0
98.5    13193    16804    0
98.6    13300    16955    0
98.7    13290    16903    0
98.8    13775    16770    0
98.9    13677    16764    0
99.0    13781    16719    0
99.1    13800    17063    0
99.2    13826    17041    0
99.3    14169    16843    0
99.4    14144    16892    0
99.5    13962    17111    0
99.6    14141    16866    0
99.7    13877    16790    0
99.8    13735    17151    0
99.9    13719    16992    0
100.0    13644    16796    1
