z1=300 mm
P0 = 0.1345 mW
x[mm],P[mW],err[mW]

0,0.1187
3.19,0.1181
4.45,0.1176
4.5,0.1164
4.75,0.1087
5,0.0979
5.25,0.0849
5.5,0.0714
5.75,0.0548
6,0.0379
6.25,0.02384
6.5,0.01445
6.75,0.00841
7,0.00516
7.25,0.00335
7.5,0.00241
7.75,0.00171
8,0.00127
8.25,0.00104
8.5,0.00085
8.75,0.00078
9,0.00065
9.25,0.00064
9.5,0.00057
9.75,0.00048
10.5,0.00035
10.75,0.00021
11,0.00011
11.25,0.00004
11.5,0.00001
11.6,0.000005

3.88,0.126
4.38,0.122
4.63,0.115
4.88,0.104
5.18,0.088
5.38,0.077
5.63,0.055
5.83,0.041
6.13,0.024
6.38,0.016
6.63,0.0093
6.88,0.0055
7.13,0.0035
7.38,0.0025
7.63,0.0018
7.88,0.0013
8.13,0.0009
8.38,0.0008
8.63,0.0006
8.88,0.0006
9.38,0.00045
9.88,0.00045
10.38,0.00015
10.88,0.00005


4,0.1367
4.05,0.1367
4.1,0.1363
4.15,0.1358
4.2,0.1354
4.25,0.1347
4.3,0.1339
4.35,0.133
4.4,0.1319
4.45,0.1307
4.5,0.1294
4.55,0.1274
4.6,0.1263
4.65,0.1243
4.7,0.1224
4.75,0.1204
4.8,0.1184
4.85,0.1158
4.9,0.1134
4.95,0.1106
5,0.1079
5.05,0.1046
5.1,0.1017
5.15,0.0987
5.2,0.0961
5.25,0.0934
5.3,0.0898
5.35,0.0868
5.4,0.0833
5.45,0.0789
5.5,0.0760
5.55,0.0719
5.6,0.0675
5.65,0.0634
5.7,0.0594
5.75,0.0554
5.8,0.0519
5.85,0.0484
5.9,0.0442
5.95,0.0406
6,0.0372
6.05,0.0339
6.1,0.0303
6.15,0.0276
6.2,0.0252
6.25,0.0226
6.3,0.0205
6.35,0.0186
6.4,0.0168
6.45,0.015
6.5,0.0134
6.55,0.0119
6.6,0.0108
6.65,0.0096
6.7,0.0087
6.75,0.0079
6.8,0.0072
6.85,0.00655
6.9,0.00595
6.95,0.00538
7,0.00492
7.05,0.00446
7.1,0.00410
7.15,0.00376
7.20,0.00349
7.25,0.00327
7.3,0.0031
7.35,0.00292
7.4,0.00275
7.45,0.00258
7.5,0.00242
7.55,0.00226
7.6,0.00209
7.65,0.00192
7.7,0.00186
7.75,0.00176
7.8,0.00169
7.85,0.0016
7.9,0.00152
7.95,0.00143
8,0.00135
8.05,0.00128
8.1,0.00123
8.15,0.00119
8.2,0.00116
8.25,0.00112
8.3,0.00109
8.35,0.00104
8.4,0.001
8.5,0.00091
9,0.00077
9.5,0.00059
10,0.00051
10.5,0.00019
11,0.00005


z2 = 1038 mm
P0 = 0.136 mW
x[mm],P[mW],err[mW]

0,0.136
0.25,0.134
0.5,0.128
0.55,0.126
0.6,0.124
0.65,0.12
0.7,0.118
0.75,0.116
0.8,0.113
0.85,0.111
0.9,0.109
0.95,0.105
1,0.103
1.05,0.1
1.1,0.097
1.15,0.0988
1.2,0.0954
1.25,0.0924
1.3,0.0892
1.35,0.0865
1.4,0.0832
1.45,0.0801
1.5,0.0768
1.55,0.0732
1.6,0.0698
1.65,0.664
1.7,0.0632
1.75,0.0605
1.8,0.0569
1.85,0.054
1.9,0.0508
1.95,0.0476
2,0.0445
2.05,0.0413
2.1,0.038
2.15,0.0347
2.2,0.0313
2.25,0.0283
2.3,0.0254
2.35,0.0229
2.4,0.02
2.45,0.0175
2.5,0.015
2.55,0.013
2.6,0.01113
2.65,0.00953
2.7,0.00824
2.75,0.00717
2.8,0.00629
2.85,0.00555
2.9,0.00490
2.95,0.00436
3,0.00393
3.05,0.00354
3.1,0.00323
3.15,0.00297
3.2,0.00277
3.25,0.00259
3.3,0.00244
3.35,0.00231
3.4,0.00219
3.45,0.00205
3.5,0.00196
3.55,0.00187
3.6,0.00177
3.65,0.00169
3.7,0.00163
3.75,0.00157
3.8,0.00151
3.85,0.00147
3.9,0.00141
3.95,0.00137
4,0.0.00132
4.05,0.00126
4.1,0.00120
4.15,0.00116
4.2,0.00111
4.25,0.00106
4.5,0.00088
4.75,0.00076
5,0.00069
5.5,0.00061
6,0.00052
7,0.00031
8,0.000

