0,4
1,4
2,3
3,1
4,5
5,3
6,3
7,2
8,3
9,1
10,5
11,4
12,2
13,7
14,1
15,4
16,2
17,4
18,2
19,1
20,2
21,2
22,4
23,2
24,0
25,0
26,1
27,5
28,1
29,4
30,2
31,4
32,2
33,3
34,3
35,2
36,4
37,5
38,6
39,4
40,1
41,5
42,8
43,6
44,1
45,6
46,4
47,4
48,2
49,2
50,0
51,2
52,2
53,0
54,7
55,2
56,3
57,1
58,2
59,4
60,1
61,4
62,5
63,3
64,3
65,4
66,6
67,3
68,5
69,2
70,1
71,3
72,2
73,5
74,4
75,2
76,3
77,3
78,3
79,2
80,6
81,2
82,4
83,5
84,3
85,3
86,1
87,4
88,5
89,2
90,2
91,4
92,1
93,2
94,3
95,4
96,2
97,2
98,1
99,4
100,1
101,6
102,2
103,1
104,3
105,1
106,3
107,4
108,2
109,3
110,1
111,4
112,4
113,1
114,5
115,3
116,0
117,6
118,4
119,4
120,4
121,2
122,8
123,7
124,5
125,3
126,2
127,4
128,3
129,5
130,3
131,3
132,4
133,8
134,2
135,1
136,5
137,0
138,1
139,5
140,2
141,3
142,5
143,2
144,5
145,2
146,4
147,3
148,2
149,4
150,1
151,11
152,4
153,9
154,4
155,7
156,3
157,4
158,3
159,3
160,6
161,1
162,2
163,3
164,1
165,4
166,1
167,1
168,3
169,7
170,4
171,2
172,0
173,4
174,9
175,2
176,1
177,2
178,2
179,4
180,5
181,3
182,5
183,5
184,0
185,3
186,1
187,3
188,3
189,3
190,2
191,2
192,2
193,3
194,2
195,5
196,2
197,4
198,2
199,2
200,1
201,2
202,4
203,3
204,1
205,6
206,1
207,4
208,2
209,8
210,3
211,2
212,1
213,5
214,4
215,3
216,7
217,5
218,6
219,5
220,9
221,4
222,6
223,5
224,3
225,6
226,3
227,2
228,2
229,3
230,1
231,2
232,6
233,4
234,3
235,8
236,2
237,4
238,4
239,3
240,6
241,3
242,1
243,3
244,1
245,5
246,3
247,3
248,1
249,1
250,4
251,6
252,0
253,3
254,2
255,3
256,3
257,6
258,4
259,1
260,4
261,2
262,1
263,1
264,8
265,3
266,3
267,4
268,6
269,5
270,4
271,5
272,3
273,4
274,5
275,1
276,3
277,1
278,2
279,6
280,5
281,2
282,6
283,4
284,2
285,2
286,5
287,4
288,6
289,3
290,2
291,3
292,3
293,4
294,3
295,0
296,1
297,6
298,1
299,3
300,4
301,3
302,3
303,0
304,2
305,5
306,4
307,1
308,3
309,2
310,5
311,10
312,4
313,1
314,1
315,3
316,3
317,3
318,4
319,6
320,5
321,4
322,3
323,0
324,6
325,3
326,4
327,2
328,5
329,2
330,5
331,2
332,4
333,2
334,10
335,1
336,4
337,8
338,3
339,0
340,3
341,5
342,5
343,2
344,2
345,0
346,5
347,4
348,1
349,2
350,0
351,6
352,6
353,1
354,2
355,4
356,5
357,3
358,0
359,6
360,4
361,1
362,2
363,2
364,3
365,3
366,3
367,4
368,1
369,2
370,2
371,4
372,2
373,4
374,7
375,1
376,3
377,6
378,2
379,3
380,2
381,5
382,3
383,6
384,3
385,3
386,2
387,2
388,4
389,1
390,3
391,7
392,5
393,2
394,6
395,4
396,2
397,3
398,4
399,3
400,4
401,4
402,6
403,0
404,3
405,8
406,2
407,3
408,3
409,3
410,5
411,1
412,3
413,4
414,4
415,2
416,6
417,5
418,4
419,4
420,0
421,7
422,3
423,4
424,7
425,3
426,3
427,1
428,5
429,3
430,4
431,1
432,0
433,3
434,1
435,4
436,3
437,5
438,3
439,3
440,4
441,1
442,3
443,2
444,4
445,6
446,1
447,2
448,3
449,4
450,4
451,1
452,4
453,4
454,1
455,3
456,3
457,1
458,1
459,2
460,2
461,0
462,0
463,3
464,3
465,1
466,2
467,5
468,3
469,3
470,4
471,4
472,6
473,5
474,6
475,2
476,3
477,2
478,2
479,4
480,1
481,2
482,4
483,2
484,5
485,4
486,2
487,3
488,2
489,1
490,5
491,1
492,1
493,3
494,1
495,1
496,3
497,3
498,3
499,1
500,4
501,3
502,5
503,2
504,3
505,3
506,6
507,1
508,6
509,5
510,1
511,6
512,6
513,2
514,6
515,11
516,2
517,3
518,3
519,3
520,4
521,6
522,4
523,2
524,0
525,6
526,0
527,3
528,3
529,5
530,3
531,3
532,3
533,0
534,4
535,3
536,2
537,2
538,3
539,4
540,3
541,2
542,1
543,2
544,4
545,1
546,6
547,0
548,2
549,3
550,3
551,3
552,5
553,2
554,2
555,0
556,6
557,1
558,4
559,6
560,7
561,6
562,3
563,5
564,4
565,4
566,2
567,2
568,3
569,6
570,3
571,1
572,7
573,5
574,3
575,4
576,1
577,9
578,5
579,3
580,1
581,3
582,5
583,4
584,2
585,6
586,4
587,2
588,2
589,6
590,0
591,4
592,5
593,3
594,3
595,4
596,2
597,4
598,4
599,3
600,4
601,2
602,5
603,3
604,5
605,8
606,2
607,5
608,2
609,8
610,5
611,2
612,6
613,3
614,1
615,2
616,4
617,8
618,3
619,2
620,3
621,4
622,3
623,4
624,5
625,2
626,2
627,2
628,3
629,7
630,1
631,3
632,5
633,4
634,2
635,5
636,3
637,0
638,3
639,0
640,7
641,1
642,3
643,5
644,1
645,1
646,1
647,0
648,3
649,2
650,1
651,3
652,3
653,1
654,0
655,0
656,1
657,2
658,3
659,7
660,4
661,0
662,7
663,4
664,6
665,3
666,4
667,6
668,3
669,2
670,2
671,2
672,0
673,4
674,7
675,3
676,5
677,0
678,2
679,2
680,6
681,5
682,5
683,2
684,6
685,3
686,1
687,5
688,2
689,3
690,5
691,5
692,4
693,3
694,4
695,4
696,1
697,7
698,1
699,4
700,6
701,3
702,0
703,3
704,5
705,1
706,2
707,4
708,2
709,3
710,3
711,4
712,2
713,8
714,4
715,3
716,4
717,2
718,5
719,4
720,1
721,1
722,3
723,3
724,4
725,5
726,7
727,5
728,4
729,6
730,1
731,3
732,2
733,6
734,2
735,1
736,3
737,2
738,4
739,4
740,3
741,2
742,3
743,3
744,3
745,3
746,4
747,2
748,5
749,4
750,3
751,2
752,1
753,2
754,3
755,6
756,2
757,7
758,2
759,4
760,4
761,3
762,6
763,2
764,2
765,3
766,4
767,2
768,5
769,4
770,2
771,2
772,3
773,2
774,3
775,1
776,2
777,4
778,3
779,1
780,1
781,5
782,3
783,4
784,6
785,3
786,1
787,3
788,5
789,3
790,5
791,2
792,3
793,4
794,5
795,3
796,4
797,3
798,2
799,0
800,4
801,3
802,2
803,2
804,3
805,3
806,3
807,4
808,2
809,3
810,7
811,2
812,3
813,1
814,4
815,2
816,0
817,2
818,3
819,3
820,5
821,3
822,2
823,5
824,5
825,4
826,0
827,2
828,6
829,5
830,2
831,0
832,5
833,3
834,4
835,2
836,5
837,5
838,6
839,1
840,3
841,3
842,4
843,1
844,5
845,5
846,4
847,5
848,1
849,1
850,8
851,1
852,2
853,4
854,2
855,6
856,1
857,4
858,2
859,2
860,1
861,7
862,3
863,1
864,2
865,3
866,1
867,3
868,3
869,5
870,1
871,4
872,1
873,2
874,2
875,6
876,4
877,2
878,3
879,3
880,3
881,2
882,3
883,6
884,3
885,4
886,2
887,2
888,3
889,2
890,5
891,3
892,3
893,3
894,4
895,2
896,2
897,6
898,5
899,2
900,4
901,8
902,3
903,3
904,3
905,4
906,3
907,5
908,1
909,4
910,2
911,4
912,5
913,3
914,2
915,1
916,3
917,1
918,3
919,6
920,4
921,2
922,2
923,2
924,4
925,3
926,2
927,2
928,2
929,2
930,4
931,4
932,3
933,0
934,5
935,5
936,5
937,3
938,5
939,4
940,6
941,2
942,2
943,3
944,5
945,2
946,3
947,8
948,0
949,2
950,4
951,1
952,1
953,5
954,1
955,5
956,3
957,4
958,4
959,5
960,1
961,3
962,4
963,8
964,1
965,1
966,6
967,4
968,2
969,1
970,2
971,1
972,3
973,2
974,3
975,4
976,2
977,4
978,2
979,3
980,4
981,8
982,2
983,3
984,3
985,2
986,5
987,2
988,0
989,2
990,4
991,4
992,1
993,3
994,2
995,1
996,1
997,2
998,3
999,5
1000,8
1001,3
1002,6
1003,1
1004,1
1005,3
1006,2
1007,4
1008,1
1009,5
1010,2
1011,5
1012,3
1013,4
1014,5
1015,3
1016,1
1017,2
1018,4
1019,3
1020,4
1021,4
1022,2
1023,4
1024,3
1025,6
1026,3
1027,7
1028,4
1029,1
1030,3
1031,4
1032,1
1033,4
1034,1
1035,2
1036,2
1037,4
1038,6
1039,3
1040,3
1041,4
1042,3
1043,3
1044,1
1045,0
1046,4
1047,2
1048,2
1049,3
1050,4
1051,0
1052,6
1053,1
1054,4
1055,1
1056,5
1057,1
1058,3
1059,0
1060,5
1061,2
1062,2
1063,2
1064,4
1065,2
1066,2
1067,3
1068,3
1069,4
1070,4
1071,1
1072,2
1073,1
1074,1
1075,4
1076,3
1077,1
1078,2
1079,2
1080,3
1081,2
1082,4
1083,7
1084,0
1085,2
1086,2
1087,5
1088,2
1089,3
1090,3
1091,4
1092,2
1093,5
1094,3
1095,5
1096,3
1097,3
1098,2
1099,3
1100,4
1101,1
1102,2
1103,2
1104,4
1105,2
1106,3
1107,5
1108,5
1109,4
1110,2
1111,2
1112,3
1113,1
1114,4
1115,4
1116,2
1117,1
1118,1
1119,3
1120,1
1121,2
1122,2
1123,6
1124,0
1125,0
1126,1
1127,2
1128,3
1129,3
1130,4
1131,7
1132,2
1133,3
1134,6
1135,2
1136,3
1137,8
1138,2
1139,3
1140,3
1141,1
1142,5
1143,6
1144,3
1145,3
1146,4
1147,0
1148,2
1149,2
1150,1
1151,6
1152,6
1153,7
1154,3
1155,1
1156,1
1157,3
1158,1
1159,3
1160,4
1161,3
1162,2
1163,3
1164,4
1165,4
1166,4
1167,3
1168,2
1169,3
1170,4
1171,4
1172,3
1173,2
1174,1
1175,3
1176,6
1177,5
1178,4
1179,3
1180,2
1181,4
1182,2
1183,2
1184,1
1185,2
1186,7
1187,8
1188,2
1189,3
1190,2
1191,2
1192,3
1193,4
1194,4
1195,1
1196,2
1197,2
1198,3
1199,5
1200,4
1201,2
1202,3
1203,7
1204,6
1205,5
1206,1
1207,4
1208,6
1209,3
1210,3
1211,7
1212,1
1213,2
1214,3
1215,3
1216,2
1217,3
1218,8
1219,2
1220,3
1221,4
1222,2
1223,4
1224,2
1225,4
1226,4
1227,4
1228,3
1229,1
1230,2
1231,1
1232,4
1233,5
1234,6
1235,3
1236,3
1237,3
1238,3
1239,1
1240,3
1241,1
1242,5
1243,6
1244,5
1245,2
1246,3
1247,4
1248,9
1249,5
1250,2
1251,3
1252,6
1253,3
1254,1
1255,4
1256,3
1257,3
1258,1
1259,6
1260,3
1261,1
1262,4
1263,2
1264,5
1265,4
1266,1
1267,2
1268,4
1269,3
1270,5
1271,4
1272,10
1273,2
1274,1
1275,6
1276,6
1277,5
1278,4
1279,1
1280,4
1281,10
1282,3
1283,0
1284,0
1285,6
1286,4
1287,2
1288,3
1289,4
1290,3
1291,4
1292,3
1293,3
1294,2
1295,2
1296,1
1297,1
1298,5
1299,4
1300,2
1301,5
1302,2
1303,3
1304,1
1305,2
1306,2
1307,3
1308,2
1309,2
1310,3
1311,2
1312,3
1313,3
1314,7
1315,4
1316,1
1317,3
1318,8
1319,0
1320,3
1321,4
1322,6
1323,4
1324,2
1325,1
1326,5
1327,2
1328,3
1329,2
1330,2
1331,4
1332,4
1333,7
1334,2
1335,2
1336,3
1337,6
1338,6
1339,5
1340,3
1341,5
1342,3
1343,5
1344,2
1345,1
1346,6
1347,6
1348,4
1349,2
1350,2
1351,4
1352,4
1353,2
1354,2
1355,2
1356,5
1357,4
1358,2
1359,1
1360,1
1361,5
1362,4
1363,5
1364,5
1365,4
1366,6
1367,5
1368,3
1369,5
1370,4
1371,7
1372,1
1373,4
1374,5
1375,0
1376,3
1377,2
1378,4
1379,2
1380,4
1381,4
1382,7
1383,5
1384,3
1385,5
1386,3
1387,3
1388,2
1389,2
1390,2
1391,2
1392,5
1393,2
1394,1
1395,6
1396,3
1397,6
1398,0
1399,4
1400,3
1401,3
1402,4
1403,5
1404,4
1405,3
1406,4
1407,4
1408,4
1409,3
1410,4
1411,7
1412,5
1413,4
1414,2
1415,1
1416,4
1417,1
1418,2
1419,4
1420,1
1421,4
1422,4
1423,4
1424,1
1425,2
1426,2
1427,1
1428,4
1429,6
1430,2
1431,2
1432,2
1433,0
1434,3
1435,3
1436,2
1437,2
1438,4
1439,6
1440,5
1441,3
1442,4
1443,1
1444,4
1445,3
1446,1
1447,4
1448,6
1449,1
1450,2
1451,1
1452,4
1453,0
1454,6
1455,5
1456,6
1457,3
1458,2
1459,2
1460,2
1461,1
1462,4
1463,2
1464,4
1465,1
1466,3
1467,3
1468,3
1469,2
1470,3
1471,1
1472,2
1473,2
1474,2
1475,3
1476,3
1477,3
1478,5
1479,6
1480,5
1481,3
1482,4
1483,0
1484,4
1485,5
1486,2
1487,3
1488,3
1489,0
1490,1
1491,3
1492,3
1493,2
1494,6
1495,6
1496,0
1497,3
1498,3
1499,7
1500,3
1501,4
1502,2
1503,3
1504,1
1505,3
1506,5
1507,0
1508,2
1509,4
1510,2
1511,1
1512,7
1513,4
1514,3
1515,2
1516,3
1517,3
1518,2
1519,4
1520,3
1521,3
1522,6
1523,2
1524,1
1525,4
1526,2
1527,2
1528,1
1529,3
1530,2
1531,6
1532,2
1533,2
1534,4
1535,0
1536,1
1537,2
1538,2
1539,4
1540,1
1541,2
1542,2
1543,2
1544,4
1545,4
1546,2
1547,2
1548,5
1549,0
1550,0
1551,1
1552,2
1553,1
1554,4
1555,6
1556,3
1557,5
1558,3
1559,5
1560,1
1561,4
1562,3
1563,4
1564,2
1565,7
1566,6
1567,2
1568,1
1569,0
1570,2
1571,3
1572,2
1573,4
1574,1
1575,2
1576,3
1577,5
1578,0
1579,2
1580,4
1581,2
1582,6
1583,1
1584,4
1585,5
1586,2
1587,2
1588,4
1589,5
1590,3
1591,2
1592,9
1593,4
1594,2
1595,3
1596,3
1597,5
1598,4
1599,3
1600,4
1601,6
1602,2
1603,1
1604,6
1605,3
1606,2
1607,3
1608,9
1609,0
1610,0
1611,4
1612,3
1613,2
1614,2
1615,1
1616,5
1617,1
1618,5
1619,1
1620,11
1621,2
1622,6
1623,4
1624,6
1625,7
1626,4
1627,2
1628,5
1629,1
1630,3
1631,0
1632,3
1633,2
1634,5
1635,1
1636,2
1637,4
1638,2
1639,3
1640,1
1641,1
1642,6
1643,3
1644,3
1645,2
1646,2
1647,2
1648,3
1649,2
1650,4
1651,1
1652,4
1653,3
1654,5
1655,5
1656,1
1657,4
1658,4
1659,3
1660,1
1661,3
1662,1
1663,7
1664,0
1665,3
1666,3
1667,4
1668,3
1669,3
1670,6
1671,2
1672,1
1673,6
1674,11
1675,1
1676,4
1677,3
1678,5
1679,3
1680,1
1681,5
1682,1
1683,3
1684,2
1685,1
1686,4
1687,3
1688,3
1689,1
1690,6
1691,4
1692,2
1693,1
1694,6
1695,4
1696,1
1697,2
1698,3
1699,4
1700,1
1701,0
1702,4
1703,1
1704,3
1705,3
1706,2
1707,3
1708,5
1709,1
1710,2
1711,2
1712,0
1713,2
1714,5
1715,1
1716,3
1717,4
1718,5
1719,3
1720,4
1721,4
1722,5
1723,6
1724,2
1725,3
1726,3
1727,9
1728,5
1729,1
1730,4
1731,1
1732,2
1733,3
1734,2
1735,1
1736,2
1737,3
1738,1
1739,1
1740,2
1741,3
1742,1
1743,2
1744,5
1745,2
1746,6
1747,5
1748,4
1749,3
1750,5
1751,5
1752,2
1753,3
1754,5
1755,3
1756,5
1757,2
1758,0
1759,5
1760,6
1761,3
1762,5
1763,4
1764,3
1765,2
1766,6
1767,7
1768,3
1769,6
1770,1
1771,6
1772,5
1773,3
1774,6
1775,2
1776,5
1777,8
1778,3
1779,0
1780,5
1781,4
1782,1
1783,1
1784,4
1785,5
1786,0
1787,2
1788,7
1789,3
1790,2
1791,6
1792,2
1793,4
1794,3
1795,3
1796,7
1797,3
1798,3
1799,3
1800,2
1801,2
1802,5
1803,1
1804,2
1805,2
1806,5
1807,4
1808,2
1809,4
1810,3
1811,4
1812,2
1813,6
1814,6
1815,2
1816,6
1817,2
1818,4
1819,4
1820,1
1821,3
1822,3
1823,2
1824,3
1825,7
1826,2
1827,5
1828,1
1829,7
1830,5
1831,3
1832,12
1833,5
1834,2
1835,7
1836,3
1837,2
1838,2
1839,3
1840,2
1841,3
1842,4
1843,7
1844,4
1845,3
1846,3
1847,5
1848,4
1849,4
1850,3
1851,4
1852,1
1853,6
1854,2
1855,2
1856,4
1857,3
1858,1
1859,2
1860,4
1861,7
1862,1
1863,2
1864,4
1865,3
1866,2
1867,1
1868,0
1869,3
1870,2
1871,5
1872,3
1873,3
1874,5
1875,3
1876,5
1877,2
1878,4
1879,5
1880,4
1881,3
1882,4
1883,3
1884,1
1885,5
1886,5
1887,0
1888,2
1889,5
1890,3
1891,3
1892,2
1893,3
1894,7
1895,4
1896,7
1897,4
1898,2
1899,1
1900,3
1901,4
1902,3
1903,3
1904,4
1905,5
1906,5
1907,3
1908,2
1909,3
1910,3
1911,3
1912,3
1913,4
1914,2
1915,2
1916,7
1917,5
1918,4
1919,6
1920,2
1921,6
1922,1
1923,5
1924,3
1925,3
1926,3
1927,1
1928,1
1929,4
1930,3
1931,7
1932,3
1933,8
1934,4
1935,7
1936,5
1937,4
1938,4
1939,5
1940,0
1941,1
1942,4
1943,4
1944,3
1945,3
1946,4
1947,4
1948,2
1949,4
1950,3
1951,5
1952,2
1953,2
1954,2
1955,1
1956,2
1957,3
1958,2
1959,2
1960,3
1961,7
1962,12
1963,4
1964,2
1965,3
1966,5
1967,5
1968,3
1969,4
1970,7
1971,6
1972,3
1973,4
1974,1
1975,2
1976,2
1977,4
1978,3
1979,2
1980,2
1981,5
1982,2
1983,5
1984,4
1985,0
1986,2
1987,4
1988,6
1989,3
1990,2
1991,10
1992,6
1993,1
1994,2
1995,3
1996,4
1997,2
1998,0
1999,2
2000,4
2001,8
2002,3
2003,6
2004,4
2005,1
2006,3
2007,3
2008,6
2009,5
2010,7
2011,4
2012,2
2013,3
2014,5
2015,2
2016,4
2017,1
2018,1
2019,3
2020,2
2021,5
2022,1
2023,5
2024,3
2025,5
2026,3
2027,3
2028,0
2029,1
2030,3
2031,3
2032,3
2033,3
2034,2
2035,3
2036,6
2037,2
2038,4
2039,2
2040,3
2041,2
2042,1
2043,2
2044,1
2045,6
2046,2
2047,4
2048,2
2049,0
2050,2
2051,6
2052,2
2053,4
2054,3
2055,2
2056,7
2057,2
2058,4
2059,5
2060,2
2061,3
2062,2
2063,3
2064,3
2065,6
2066,5
2067,2
2068,3
2069,7
2070,3
2071,4
2072,0
2073,4
2074,5
2075,3
2076,2
2077,1
2078,4
2079,5
2080,5
2081,2
2082,1
2083,3
2084,2
2085,5
2086,1
2087,3
2088,2
2089,4
2090,4
2091,4
2092,4
2093,3
2094,3
2095,5
2096,4
2097,1
2098,3
2099,5
2100,5
2101,3
2102,1
2103,3
2104,2
2105,0
2106,5
2107,6
2108,5
2109,5
2110,2
2111,4
2112,4
2113,3
2114,1
2115,5
2116,3
2117,3
2118,4
2119,3
2120,5
2121,0
2122,10
2123,4
2124,3
2125,3
2126,3
2127,4
2128,3
2129,2
2130,2
2131,9
2132,2
2133,5
2134,2
2135,1
2136,2
2137,6
2138,8
2139,4
2140,2
2141,3
2142,7
2143,1
2144,4
2145,6
2146,2
2147,3
2148,2
2149,5
2150,4
2151,2
2152,2
2153,3
2154,2
2155,2
2156,4
2157,6
2158,5
2159,3
2160,2
2161,3
2162,3
2163,3
2164,4
2165,4
2166,3
2167,1
2168,5
2169,5
2170,3
2171,2
2172,5
2173,2
2174,4
2175,2
2176,0
2177,3
2178,5
2179,7
2180,1
2181,1
2182,3
2183,3
2184,4
2185,3
2186,4
2187,3
2188,2
2189,1
2190,4
2191,2
2192,6
2193,5
2194,2
2195,4
2196,2
2197,5
2198,3
2199,5
2200,2
2201,1
2202,7
2203,2
2204,1
2205,3
2206,4
2207,5
2208,5
2209,3
2210,2
2211,2
2212,3
2213,2
2214,5
2215,3
2216,3
2217,1
2218,3
2219,2
2220,6
2221,3
2222,5
2223,1
2224,3
2225,3
2226,5
2227,4
2228,1
2229,3
2230,7
2231,2
2232,1
2233,3
2234,2
2235,3
2236,3
2237,0
2238,7
2239,1
2240,3
2241,4
2242,3
2243,4
2244,2
2245,6
2246,2
2247,2
2248,6
2249,5
2250,1
2251,1
2252,4
2253,0
2254,2
2255,2
2256,3
2257,6
2258,2
2259,3
2260,4
2261,0
2262,3
2263,2
2264,1
2265,1
2266,2
2267,0
2268,5
2269,3
2270,4
2271,0
2272,6
2273,2
2274,0
2275,1
2276,2
2277,2
2278,2
2279,1
2280,4
2281,5
2282,4
2283,7
2284,3
2285,4
2286,1
2287,2
2288,4
2289,4
2290,3
2291,2
2292,4
2293,3
2294,5
2295,2
2296,4
2297,2
2298,5
2299,3
2300,4
2301,1
2302,1
2303,2
2304,4
2305,5
2306,3
2307,5
2308,4
2309,4
2310,4
2311,3
2312,5
2313,8
2314,2
2315,5
2316,3
2317,3
2318,3
2319,0
2320,2
2321,4
2322,2
2323,4
2324,4
2325,2
2326,4
2327,4
2328,2
2329,6
2330,2
2331,3
2332,5
2333,4
2334,2
2335,3
2336,5
2337,6
2338,6
2339,5
2340,3
2341,6
2342,0
2343,1
2344,2
2345,3
2346,3
2347,3
2348,3
2349,5
2350,5
2351,5
2352,4
2353,0
2354,2
2355,6
2356,3
2357,1
2358,2
2359,3
2360,2
2361,7
2362,5
2363,5
2364,5
2365,2
2366,8
2367,4
2368,4
2369,6
2370,1
2371,1
2372,2
2373,5
2374,5
2375,5
2376,1
2377,4
2378,5
2379,1
2380,3
2381,4
2382,3
2383,2
2384,1
2385,3
2386,4
2387,3
2388,3
2389,6
2390,5
2391,2
2392,4
2393,4
2394,2
2395,6
2396,4
2397,3
2398,2
2399,6
2400,2
2401,3
2402,3
2403,1
2404,2
2405,4
2406,5
2407,2
2408,2
2409,4
2410,5
2411,3
2412,5
2413,3
2414,0
2415,5
2416,3
2417,2
2418,5
2419,5
2420,4
2421,3
2422,5
2423,2
2424,4
2425,2
2426,0
2427,1
2428,6
2429,5
2430,1
2431,3
2432,0
2433,2
2434,4
2435,1
2436,1
2437,1
2438,3
2439,6
2440,3
2441,6
2442,9
2443,3
2444,4
2445,6
2446,1
2447,3
2448,2
2449,0
2450,5
2451,4
2452,3
2453,5
2454,3
2455,5
2456,2
2457,3
2458,3
2459,1
2460,4
2461,2
2462,6
2463,5
2464,0
2465,1
2466,3
2467,4
2468,4
2469,2
2470,4
2471,1
2472,5
2473,4
2474,2
2475,1
2476,3
2477,3
2478,1
2479,1
2480,2
2481,5
2482,7
2483,5
2484,3
2485,6
2486,5
2487,6
2488,0
2489,4
2490,3
2491,1
2492,2
2493,3
2494,2
2495,3
2496,3
2497,2
2498,5
2499,6
2500,1
2501,6
2502,2
2503,0
2504,2
2505,1
2506,2
2507,4
2508,1
2509,6
2510,5
2511,4
2512,3
2513,5
2514,5
2515,8
2516,3
2517,2
2518,5
2519,1
2520,3
2521,3
2522,2
2523,1
2524,6
2525,4
2526,1
2527,1
2528,4
2529,1
2530,1
2531,6
2532,5
2533,4
2534,5
2535,2
2536,0
2537,2
2538,3
2539,3
2540,2
2541,3
2542,2
2543,4
2544,3
2545,7
2546,3
2547,5
2548,2
2549,6
2550,2
2551,1
2552,3
2553,6
2554,4
2555,1
2556,4
2557,8
2558,2
2559,1
2560,0
2561,1
2562,4
2563,2
2564,6
2565,4
2566,6
2567,3
2568,0
2569,2
2570,6
2571,4
2572,4
2573,7
2574,3
2575,3
2576,3
2577,9
2578,6
2579,1
2580,5
2581,4
2582,6
2583,0
2584,7
2585,3
2586,3
2587,6
2588,3
2589,2
2590,3
2591,3
2592,5
2593,2
2594,2
2595,5
2596,4
2597,1
2598,5
2599,4
2600,5
2601,4
2602,4
2603,3
2604,5
2605,3
2606,6
2607,1
2608,3
2609,3
2610,7
2611,6
2612,4
2613,2
2614,3
2615,0
2616,0
2617,2
2618,1
2619,2
2620,2
2621,3
2622,6
2623,3
2624,2
2625,4
2626,1
2627,3
2628,1
2629,1
2630,2
2631,1
2632,3
2633,6
2634,4
2635,4
2636,4
2637,2
2638,3
2639,3
2640,5
2641,7
2642,1
2643,3
2644,4
2645,4
2646,3
2647,2
2648,2
2649,3
2650,2
2651,3
2652,2
2653,3
2654,4
2655,1
2656,5
2657,3
2658,5
2659,5
2660,1
2661,3
2662,6
2663,2
2664,0
2665,3
2666,5
2667,7
2668,5
2669,4
2670,4
2671,1
2672,3
2673,5
2674,2
2675,2
2676,1
2677,1
2678,1
2679,2
2680,5
2681,6
2682,3
2683,3
2684,2
2685,5
2686,1
2687,2
2688,1
2689,2
2690,7
2691,4
2692,2
2693,3
2694,3
2695,2
2696,2
2697,3
2698,2
2699,4
2700,3
2701,7
2702,2
2703,1
2704,2
2705,3
2706,3
2707,4
2708,3
2709,8
2710,3
2711,1
2712,6
2713,2
2714,2
2715,4
2716,5
2717,2
2718,4
2719,4
2720,2
2721,2
2722,3
2723,2
2724,2
2725,1
2726,1
2727,1
2728,8
2729,6
2730,0
2731,0
2732,3
2733,0
2734,4
2735,3
2736,3
2737,5
2738,3
2739,5
2740,2
2741,2
2742,3
2743,1
2744,7
2745,3
2746,0
2747,2
2748,3
2749,1
2750,5
2751,3
2752,2
2753,2
2754,5
2755,8
2756,5
2757,2
2758,1
2759,3
2760,4
2761,2
2762,5
2763,3
2764,6
2765,4
2766,4
2767,7
2768,4
2769,3
2770,4
2771,0
2772,2
2773,3
2774,0
2775,2
2776,0
2777,2
2778,2
2779,1
2780,2
2781,2
2782,1
2783,3
2784,6
2785,5
2786,1
2787,4
2788,0
2789,3
2790,0
2791,2
2792,0
2793,4
2794,3
2795,3
2796,5
2797,2
2798,4
2799,0
2800,1
2801,1
2802,4
2803,4
2804,3
2805,4
2806,4
2807,1
2808,4
2809,2
2810,2
2811,4
2812,3
2813,10
2814,6
2815,5
2816,7
2817,3
2818,8
2819,3
2820,3
2821,1
2822,2
2823,6
2824,1
2825,4
2826,6
2827,2
2828,4
2829,4
2830,2
2831,2
2832,5
2833,2
2834,3
2835,2
2836,1
2837,3
2838,4
2839,2
2840,2
2841,0
2842,3
2843,3
2844,4
2845,4
2846,3
2847,4
2848,7
2849,3
2850,0
2851,2
2852,1
2853,0
2854,2
2855,4
2856,4
2857,4
2858,4
2859,6
2860,2
2861,2
2862,3
2863,3
2864,4
2865,3
2866,0
2867,0
2868,2
2869,6
2870,2
2871,1
2872,2
2873,6
2874,4
2875,4
2876,0
2877,3
2878,2
2879,3
2880,3
2881,6
2882,7
2883,2
2884,2
2885,5
2886,3
2887,4
2888,1
2889,3
2890,1
2891,1
2892,3
2893,2
2894,2
2895,5
2896,3
2897,1
2898,4
2899,2
2900,3
2901,7
2902,7
2903,3
2904,3
2905,2
2906,5
2907,2
2908,2
2909,2
2910,5
2911,5
2912,4
2913,6
2914,4
2915,3
2916,1
2917,5
2918,3
2919,4
2920,5
2921,4
2922,4
2923,4
2924,4
2925,3
2926,8
2927,3
2928,4
2929,6
2930,1
2931,4
2932,4
2933,3
2934,1
2935,4
2936,3
2937,5
2938,4
2939,2
2940,3
2941,3
2942,0
2943,4
2944,4
2945,5
2946,5
2947,1
2948,4
2949,3
2950,5
2951,2
2952,4
2953,2
2954,3
2955,5
2956,2
2957,4
2958,6
2959,6
2960,4
2961,5
2962,2
2963,2
2964,4
2965,4
2966,6
2967,3
2968,3
2969,3
2970,0
2971,3
2972,5
2973,3
2974,3
2975,2
2976,4
2977,1
2978,4
2979,7
2980,2
2981,6
2982,5
2983,1
2984,0
2985,6
2986,2
2987,3
2988,3
2989,2
2990,5
2991,3
2992,2
2993,8
2994,3
2995,5
2996,3
2997,2
2998,0
2999,7
3000,2
3001,2
3002,1
3003,2
3004,5
3005,2
3006,1
3007,0
3008,2
3009,1
3010,3
3011,4
3012,1
3013,1
3014,1
3015,2
3016,1
3017,7
3018,3
3019,2
3020,5
3021,4
3022,1
3023,2
3024,3
3025,3
3026,4
3027,3
3028,3
3029,3
3030,0
3031,1
3032,1
3033,6
3034,0
3035,2
3036,3
3037,1
3038,1
3039,4
3040,1
3041,5
3042,5
3043,2
3044,4
3045,5
3046,1
3047,2
3048,5
3049,3
3050,2
3051,3
3052,6
3053,0
3054,1
3055,6
3056,4
3057,2
3058,4
3059,1
3060,2
3061,3
3062,5
3063,2
3064,4
3065,2
3066,2
3067,4
3068,2
3069,2
3070,3
3071,2
3072,7
3073,4
3074,1
3075,2
3076,2
3077,4
3078,3
3079,4
3080,3
3081,3
3082,3
3083,3
3084,3
3085,2
3086,4
3087,2
3088,4
3089,2
3090,2
3091,4
3092,4
3093,7
3094,2
3095,3
3096,3
3097,1
3098,2
3099,4
3100,2
3101,2
3102,3
3103,3
3104,6
3105,1
3106,4
3107,6
3108,2
3109,5
3110,3
3111,4
3112,2
3113,3
3114,2
3115,4
3116,1
3117,3
3118,1
3119,2
3120,6
3121,3
3122,3
3123,6
3124,3
3125,4
3126,6
3127,1
3128,5
3129,2
3130,3
3131,3
3132,4
3133,3
3134,2
3135,0
3136,3
3137,4
3138,2
3139,3
3140,3
3141,3
3142,5
3143,0
3144,2
3145,4
3146,4
3147,0
3148,2
3149,4
3150,3
3151,1
3152,1
3153,5
3154,7
3155,7
3156,6
3157,7
3158,4
3159,5
3160,3
3161,3
3162,4
3163,2
3164,5
3165,2
3166,2
3167,5
3168,2
3169,6
3170,3
3171,1
3172,3
3173,3
3174,8
3175,3
3176,1
3177,9
3178,2
3179,3
3180,1
3181,3
3182,1
3183,2
3184,3
3185,1
3186,2
3187,4
3188,5
3189,3
3190,5
3191,5
3192,5
3193,6
3194,8
3195,4
3196,3
3197,3
3198,5
3199,2
3200,1
3201,1
3202,3
3203,5
3204,4
3205,5
3206,6
3207,2
3208,2
3209,3
3210,2
3211,1
3212,5
3213,3
3214,1
3215,7
3216,5
3217,7
3218,6
3219,5
3220,1
3221,3
3222,3
3223,3
3224,3
3225,3
3226,1
3227,2
3228,7
3229,5
3230,3
3231,4
3232,1
3233,1
3234,5
3235,4
3236,5
3237,4
3238,1
3239,3
3240,4
3241,3
3242,2
3243,3
3244,2
3245,1
3246,1
3247,2
3248,7
3249,2
3250,4
3251,4
3252,3
3253,2
3254,1
3255,3
3256,2
3257,6
3258,4
3259,0
3260,6
3261,3
3262,3
3263,3
3264,5
3265,3
3266,4
3267,2
3268,3
3269,5
3270,4
3271,3
3272,2
3273,4
3274,6
3275,7
3276,4
3277,2
3278,4
3279,4
3280,1
3281,2
3282,8
3283,3
3284,4
3285,4
3286,2
3287,3
3288,2
3289,5
3290,3
3291,7
3292,3
3293,2
3294,3
3295,3
3296,2
3297,7
3298,5
3299,2
3300,2
3301,4
3302,2
3303,7
3304,2
3305,3
3306,6
3307,5
3308,8
3309,3
3310,3
3311,4
3312,5
3313,5
3314,2
3315,2
3316,4
3317,4
3318,2
3319,1
3320,3
3321,5
3322,4
3323,3
3324,3
3325,1
3326,2
3327,7
3328,2
3329,6
3330,2
3331,3
3332,4
3333,5
3334,5
3335,1
3336,2
3337,3
3338,5
3339,0
3340,3
3341,4
3342,0
3343,5
3344,3
3345,3
3346,2
3347,5
3348,6
3349,3
3350,3
3351,1
3352,3
3353,3
3354,2
3355,3
3356,2
3357,4
3358,4
3359,5
3360,1
3361,2
3362,5
3363,5
3364,2
3365,3
3366,5
3367,1
3368,2
3369,4
3370,5
3371,3
3372,5
3373,2
3374,5
3375,4
3376,1
3377,1
3378,5
3379,7
3380,4
3381,4
3382,3
3383,4
3384,7
3385,3
3386,3
3387,6
3388,7
3389,5
3390,6
3391,2
3392,3
3393,0
3394,4
3395,3
3396,5
3397,2
3398,5
3399,2
3400,5
3401,6
3402,4
3403,3
3404,2
3405,2
3406,4
3407,5
3408,2
3409,4
3410,6
3411,5
3412,1
3413,3
3414,0
3415,4
3416,2
3417,5
3418,2
3419,2
3420,1
3421,3
3422,4
3423,2
3424,5
3425,5
3426,4
3427,3
3428,4
3429,2
3430,4
3431,6
3432,2
3433,3
3434,3
3435,2
3436,6
3437,0
3438,4
3439,2
3440,3
3441,4
3442,2
3443,2
3444,1
3445,2
3446,2
3447,2
3448,5
3449,1
3450,2
3451,2
3452,3
3453,2
3454,2
3455,2
3456,5
3457,6
3458,5
3459,4
3460,4
3461,0
3462,1
3463,6
3464,3
3465,5
3466,5
3467,5
3468,8
3469,0
3470,1
3471,1
3472,2
3473,3
3474,2
3475,3
3476,3
3477,5
3478,3
3479,4
3480,0
3481,2
3482,3
3483,2
3484,1
3485,3
3486,1
3487,2
3488,2
3489,3
3490,3
3491,3
3492,3
3493,1
3494,2
3495,4
3496,7
3497,1
3498,4
3499,1
3500,4
3501,1
3502,4
3503,5
3504,2
3505,4
3506,3
3507,3
3508,5
3509,3
3510,0
3511,4
3512,6
3513,8
3514,5
3515,3
3516,3
3517,2
3518,3
3519,2
3520,0
3521,3
3522,0
3523,2
3524,3
3525,7
3526,2
3527,4
3528,2
3529,4
3530,3
3531,2
3532,4
3533,2
3534,0
3535,2
3536,1
3537,3
3538,2
3539,2
3540,4
3541,1
3542,5
3543,5
3544,3
3545,1
3546,1
3547,5
3548,2
3549,2
3550,3
3551,5
3552,2
3553,3
3554,4
3555,1
3556,5
3557,3
3558,2
3559,1
3560,4
3561,2
3562,3
3563,3
3564,6
3565,3
3566,4
3567,1
3568,5
3569,2
3570,5
3571,4
3572,3
3573,1
3574,3
3575,2
3576,5
3577,5
3578,0
3579,4
3580,4
3581,5
3582,5
3583,4
3584,2
3585,2
3586,2
3587,3
3588,2
3589,3
3590,5
3591,3
3592,5
3593,3
3594,3
3595,0
3596,1
3597,3
3598,2
3599,3
3600,4
3601,3
3602,3
3603,4
3604,4
3605,2
3606,5
3607,3
3608,3
3609,5
3610,2
3611,5
3612,8
3613,7
3614,1
3615,3
3616,4
3617,4
3618,2
3619,5
3620,4
3621,7
3622,2
3623,6
3624,1
3625,2
3626,1
3627,6
3628,2
3629,2
3630,3
3631,3
3632,2
3633,2
3634,0
3635,6
3636,3
3637,1
3638,7
3639,3
3640,2
3641,6
3642,5
3643,3
3644,1
3645,3
3646,3
3647,0
3648,7
3649,2
3650,1
3651,6
3652,7
3653,3
3654,3
3655,5
3656,2
3657,2
3658,0
3659,5
3660,5
3661,2
3662,3
3663,5
3664,4
3665,4
3666,4
3667,1
3668,2
3669,2
3670,1
3671,1
3672,2
3673,3
3674,0
3675,3
3676,4
3677,3
3678,4
3679,1
3680,4
3681,5
3682,3
3683,4
3684,3
3685,5
3686,3
3687,4
3688,3
3689,2
3690,2
3691,4
3692,6
3693,0
3694,2
3695,5
3696,1
3697,3
3698,5
3699,3
3700,4
3701,4
3702,2
3703,7
3704,5
3705,5
3706,1
3707,3
3708,2
3709,2
3710,6
3711,8
3712,6
3713,5
3714,9
3715,0
3716,2
3717,2
3718,0
3719,2
3720,5
3721,9
3722,6
3723,7
3724,3
3725,4
3726,2
3727,4
3728,2
3729,7
3730,3
3731,4
3732,4
3733,2
3734,5
3735,6
3736,1
3737,2
3738,3
3739,2
3740,2
3741,6
3742,4
3743,3
3744,5
3745,4
3746,4
3747,1
3748,1
3749,2
3750,7
3751,3
3752,4
3753,1
3754,2
3755,1
3756,2
3757,3
3758,6
3759,2
3760,4
3761,5
3762,4
3763,7
3764,5
3765,1
3766,1
3767,6
3768,4
3769,3
3770,1
3771,1
3772,7
3773,3
3774,3
3775,3
3776,2
3777,5
3778,2
3779,2
3780,2
3781,3
3782,3
3783,4
3784,4
3785,3
3786,2
3787,1
3788,5
3789,3
3790,2
3791,3
3792,4
3793,4
3794,1
3795,2
3796,1
3797,1
3798,1
3799,0
3800,5
3801,1
3802,4
3803,2
3804,4
3805,2
3806,2
3807,8
3808,2
3809,2
3810,3
3811,3
3812,1
3813,3
3814,2
3815,4
3816,4
3817,1
3818,2
3819,4
3820,3
3821,3
3822,4
3823,4
3824,2
3825,3
3826,5
3827,0
3828,4
3829,4
3830,6
3831,2
3832,4
3833,2
3834,2
3835,7
3836,3
3837,5
3838,5
3839,5
3840,2
3841,2
3842,3
3843,4
3844,5
3845,2
3846,5
3847,3
3848,2
3849,3
3850,3
3851,0
3852,0
3853,6
3854,4
3855,5
3856,1
3857,1
3858,3
3859,2
3860,5
3861,3
3862,3
3863,2
3864,1
3865,2
3866,3
3867,2
3868,0
3869,6
3870,7
3871,3
3872,7
3873,2
3874,4
3875,1
3876,5
3877,4
3878,4
3879,7
3880,4
3881,5
3882,2
3883,9
3884,5
3885,4
3886,5
3887,4
3888,4
3889,8
3890,4
3891,3
3892,2
3893,4
3894,2
3895,4
3896,4
3897,2
3898,3
3899,1
3900,2
3901,5
3902,5
3903,1
3904,2
3905,4
3906,4
3907,1
3908,3
3909,4
3910,3
3911,3
3912,5
3913,7
3914,4
3915,2
3916,8
3917,3
3918,6
3919,2
3920,5
3921,1
3922,3
3923,4
3924,1
3925,2
3926,3
3927,4
3928,5
3929,6
3930,1
3931,1
3932,3
3933,4
3934,0
3935,5
3936,1
3937,0
3938,2
3939,3
3940,3
3941,2
3942,1
3943,6
3944,2
3945,3
3946,3
3947,1
3948,5
3949,1
3950,4
3951,2
3952,1
3953,2
3954,3
3955,3
3956,1
3957,2
3958,3
3959,5
3960,5
3961,3
3962,5
3963,5
3964,3
3965,1
3966,4
3967,4
3968,4
3969,3
3970,4
3971,1
3972,2
3973,2
3974,6
3975,1
3976,0
3977,4
3978,4
3979,3
3980,4
3981,2
3982,7
3983,2
3984,3
3985,3
3986,2
3987,5
3988,2
3989,3
3990,2
3991,4
3992,4
3993,2
3994,6
3995,5
3996,6
3997,3
3998,2
3999,5
4000,4
4001,1
4002,3
4003,2
4004,2
4005,5
4006,2
4007,5
4008,4
4009,3
4010,3
4011,6
4012,6
4013,1
4014,3
4015,1
4016,4
4017,2
4018,1
4019,3
4020,3
4021,4
4022,8
4023,5
4024,2
4025,1
4026,2
4027,1
4028,8
4029,4
4030,3
4031,2
4032,3
4033,4
4034,5
4035,2
4036,4
4037,5
4038,2
4039,1
4040,6
4041,2
4042,1
4043,3
4044,4
4045,2
4046,4
4047,2
4048,4
4049,1
4050,4
4051,3
4052,0
4053,4
4054,4
4055,5
4056,5
4057,3
4058,2
4059,3
4060,2
4061,5
4062,6
4063,3
4064,6
4065,2
4066,0
4067,2
4068,0
4069,3
4070,3
4071,1
4072,0
4073,3
4074,4
4075,1
4076,3
4077,4
4078,2
4079,5
4080,0
4081,2
4082,4
4083,3
4084,2
4085,6
4086,6
4087,4
4088,3
4089,2
4090,4
4091,1
4092,2
4093,7
4094,6
4095,1
4096,4
4097,2
4098,4
4099,3
4100,4
4101,3
4102,4
4103,1
4104,1
4105,4
4106,2
4107,2
4108,2
4109,1
4110,4
4111,4
4112,4
4113,3
4114,2
4115,0
4116,6
4117,3
4118,1
4119,0
4120,0
4121,3
4122,4
4123,4
4124,3
4125,4
4126,1
4127,5
4128,3
4129,1
4130,2
4131,1
4132,5
4133,2
4134,2
4135,3
4136,4
4137,3
4138,4
4139,4
4140,3
4141,5
4142,5
4143,3
4144,4
4145,5
4146,1
4147,4
4148,3
4149,4
4150,5
4151,4
4152,5
4153,2
4154,6
4155,3
4156,3
4157,0
4158,3
4159,7
4160,6
4161,1
4162,1
4163,5
4164,2
4165,4
4166,0
4167,3
4168,2
4169,7
4170,5
4171,1
4172,5
4173,0
4174,0
4175,7
4176,3
4177,0
4178,6
4179,7
4180,1
4181,5
4182,7
4183,2
4184,2
4185,3
4186,3
4187,4
4188,1
4189,2
4190,2
4191,2
4192,3
4193,2
4194,2
4195,1
4196,3
4197,6
4198,1
4199,7
4200,5
4201,5
4202,9
4203,3
4204,5
4205,3
4206,3
4207,2
4208,3
4209,4
4210,8
4211,4
4212,1
4213,3
4214,7
4215,1
4216,5
4217,7
4218,4
4219,1
4220,4
4221,2
4222,1
4223,4
4224,6
4225,3
4226,9
4227,2
4228,2
4229,3
4230,3
4231,4
4232,1
4233,5
4234,1
4235,2
4236,4
4237,5
4238,2
4239,4
4240,2
4241,2
4242,0
4243,6
4244,2
4245,0
4246,1
4247,2
4248,3
4249,4
4250,3
4251,2
4252,4
4253,3
4254,3
4255,3
4256,4
4257,7
4258,4
4259,1
4260,4
4261,4
4262,1
4263,3
4264,4
4265,3
4266,1
4267,2
4268,2
4269,6
4270,3
4271,6
4272,2
4273,5
4274,1
4275,4
4276,8
4277,3
4278,2
4279,7
4280,4
4281,0
4282,2
4283,3
4284,1
4285,5
4286,2
4287,1
4288,2
4289,5
4290,4
4291,1
4292,4
4293,2
4294,4
4295,2
4296,3
4297,2
4298,4
4299,3
4300,2
4301,4
4302,0
4303,3
4304,5
4305,2
4306,2
4307,6
4308,1
4309,0
4310,5
4311,2
4312,2
4313,5
4314,1
4315,0
4316,3
4317,4
4318,2
4319,6
4320,2
4321,2
4322,2
4323,3
4324,4
4325,6
4326,2
4327,2
4328,1
4329,4
4330,5
4331,3
4332,4
4333,5
4334,3
4335,3
4336,5
4337,2
4338,4
4339,2
4340,3
4341,2
4342,3
4343,0
4344,3
4345,2
4346,3
4347,5
4348,1
4349,2
4350,4
4351,3
4352,5
4353,3
4354,3
4355,5
4356,5
4357,3
4358,3
4359,6
4360,1
4361,2
4362,4
4363,2
4364,5
4365,4
4366,2
4367,3
4368,6
4369,5
4370,1
4371,2
4372,3
4373,6
4374,7
4375,4
4376,2
4377,1
4378,4
4379,6
4380,4
4381,5
4382,4
4383,1
4384,1
4385,0
4386,5
4387,4
4388,2
4389,3
4390,1
4391,2
4392,4
4393,6
4394,2
4395,2
4396,3
4397,3
4398,2
4399,4
4400,0
4401,5
4402,2
4403,2
4404,2
4405,3
4406,4
4407,6
4408,2
4409,5
4410,3
4411,1
4412,4
4413,4
4414,5
4415,5
4416,2
4417,6
4418,1
4419,1
4420,8
4421,3
4422,6
4423,3
4424,6
4425,1
4426,1
4427,2
4428,2
4429,2
4430,4
4431,6
4432,4
4433,2
4434,4
4435,2
4436,2
4437,2
4438,2
4439,5
4440,4
4441,6
4442,3
4443,3
4444,5
4445,3
4446,1
4447,7
4448,7
4449,3
4450,2
4451,3
4452,2
4453,1
4454,2
4455,0
4456,4
4457,2
4458,4
4459,2
4460,5
4461,9
4462,4
4463,5
4464,5
4465,1
4466,1
4467,1
4468,7
4469,3
4470,3
4471,1
4472,2
4473,4
4474,2
4475,4
4476,2
4477,1
4478,3
4479,2
4480,3
4481,5
4482,2
4483,1
4484,3
4485,3
4486,3
4487,3
4488,1
4489,2
4490,2
4491,6
4492,2
4493,3
4494,3
4495,2
4496,4
4497,1
4498,2
4499,4
4500,2
4501,4
4502,6
4503,0
4504,4
4505,4
4506,9
4507,1
4508,1
4509,2
4510,3
4511,3
4512,5
4513,1
4514,1
4515,0
4516,4
4517,4
4518,0
4519,2
4520,2
4521,2
4522,3
4523,2
4524,3
4525,3
4526,4
4527,4
4528,5
4529,5
4530,4
4531,4
4532,0
4533,3
4534,2
4535,3
4536,3
4537,3
4538,2
4539,7
4540,3
4541,3
4542,4
4543,1
4544,2
4545,8
4546,4
4547,4
4548,1
4549,4
4550,5
4551,3
4552,2
4553,5
4554,5
4555,3
4556,5
4557,2
4558,2
4559,7
4560,1
4561,2
4562,2
4563,4
4564,1
4565,0
4566,3
4567,2
4568,4
4569,2
4570,6
4571,6
4572,4
4573,7
4574,2
4575,3
4576,4
4577,1
4578,1
4579,3
4580,1
4581,7
4582,3
4583,3
4584,1
4585,0
4586,3
4587,3
4588,4
4589,3
4590,5
4591,4
4592,4
4593,3
4594,4
4595,4
4596,4
4597,8
4598,3
4599,1
4600,2
4601,5
4602,5
4603,1
4604,5
4605,0
4606,5
4607,3
4608,5
4609,5
4610,2
4611,4
4612,4
4613,2
4614,4
4615,2
4616,1
4617,2
4618,5
4619,4
4620,4
4621,4
4622,5
4623,1
4624,3
4625,3
4626,4
4627,3
4628,3
4629,2
4630,2
4631,6
4632,4
4633,2
4634,7
4635,4
4636,3
4637,2
4638,3
4639,6
4640,2
4641,4
4642,1
4643,3
4644,3
4645,4
4646,2
4647,1
4648,2
4649,2
4650,5
4651,5
4652,2
4653,1
4654,0
4655,2
4656,2
4657,1
4658,7
4659,3
4660,2
4661,2
4662,7
4663,4
4664,3
4665,3
4666,3
4667,4
4668,2
4669,3
4670,3
4671,3
4672,3
4673,1
4674,3
4675,2
4676,5
4677,5
4678,3
4679,3
4680,5
4681,5
4682,3
4683,1
4684,3
4685,0
4686,2
4687,9
4688,5
4689,3
4690,0
4691,3
4692,8
4693,3
4694,4
4695,7
4696,4
4697,3
4698,2
4699,5
4700,3
4701,4
4702,4
4703,2
4704,5
4705,4
4706,1
4707,2
4708,6
4709,6
4710,1
4711,1
4712,0
4713,3
4714,6
4715,1
4716,1
4717,7
4718,1
4719,1
4720,4
4721,5
4722,2
4723,3
4724,3
4725,5
4726,2
4727,2
4728,4
4729,1
4730,5
4731,4
4732,2
4733,8
4734,6
4735,6
4736,3
4737,0
4738,2
4739,2
4740,2
4741,1
4742,4
4743,4
4744,3
4745,4
4746,6
4747,2
4748,5
4749,2
4750,3
4751,4
4752,2
4753,2
4754,3
4755,2
4756,3
4757,4
4758,4
4759,2
4760,2
4761,1
4762,3
4763,5
4764,2
4765,1
4766,3
4767,5
4768,0
4769,3
4770,2
4771,3
4772,6
4773,2
4774,5
4775,4
4776,7
4777,5
4778,4
4779,8
4780,2
4781,2
4782,5
4783,3
4784,2
4785,2
4786,5
4787,3
4788,7
4789,2
4790,5
4791,2
4792,2
4793,7
4794,2
4795,6
4796,4
4797,3
4798,5
4799,3
4800,2
4801,1
4802,2
4803,1
4804,2
4805,2
4806,2
4807,5
4808,6
4809,3
4810,3
4811,5
4812,2
4813,4
4814,3
4815,6
4816,3
4817,4
4818,1
4819,0
4820,1
4821,6
4822,6
4823,5
4824,2
4825,2
4826,3
4827,4
4828,7
4829,4
4830,3
4831,4
4832,4
4833,5
4834,12
4835,3
4836,3
4837,3
4838,2
4839,5
4840,3
4841,3
4842,3
4843,3
4844,4
4845,1
4846,2
4847,1
4848,6
4849,3
4850,3
4851,1
4852,3
4853,3
4854,4
4855,3
4856,3
4857,7
4858,3
4859,5
4860,2
4861,1
4862,3
4863,5
4864,0
4865,5
4866,2
4867,3
4868,4
4869,1
4870,4
4871,3
4872,4
4873,3
4874,3
4875,1
4876,3
4877,3
4878,4
4879,2
4880,3
4881,2
4882,7
4883,4
4884,3
4885,7
4886,4
4887,4
4888,3
4889,5
4890,2
4891,3
4892,4
4893,5
4894,3
4895,3
4896,2
4897,2
4898,2
4899,7
4900,3
4901,1
4902,0
4903,3
4904,3
4905,6
4906,5
4907,0
4908,5
4909,4
4910,2
4911,2
4912,2
4913,3
4914,4
4915,4
4916,3
4917,3
4918,3
4919,3
4920,2
4921,4
4922,3
4923,7
4924,4
4925,0
4926,1
4927,8
4928,3
4929,1
4930,5
4931,2
4932,5
4933,3
4934,4
4935,7
4936,1
4937,2
4938,7
4939,5
4940,2
4941,2
4942,8
4943,6
4944,4
4945,2
4946,0
4947,6
4948,5
4949,2
4950,2
4951,6
4952,1
4953,4
4954,3
4955,3
4956,3
4957,4
4958,6
4959,1
4960,3
4961,4
4962,3
4963,6
4964,1
4965,3
4966,2
4967,2
4968,1
4969,5
4970,4
4971,3
4972,2
4973,6
4974,3
4975,4
4976,4
4977,5
4978,2
4979,1
4980,0
4981,5
4982,3
4983,3
4984,3
4985,4
4986,2
4987,4
4988,3
4989,6
4990,0
4991,3
4992,4
4993,3
4994,1
4995,1
4996,5
4997,5
4998,5
4999,5
5000,1
5001,2
5002,2
5003,4
5004,3
5005,2
5006,2
5007,2
5008,4
5009,4
5010,6
5011,4
5012,2
5013,2
5014,2
5015,2
5016,0
5017,3
5018,2
5019,4
5020,2
5021,4
5022,3
5023,5
5024,4
5025,2
5026,1
5027,3
5028,3
5029,3
5030,2
5031,5
5032,8
5033,1
5034,3
5035,5
5036,1
5037,4
5038,6
5039,4
5040,1
5041,10
5042,3
5043,4
5044,4
5045,2
5046,0
5047,2
5048,3
5049,4
5050,3
5051,3
5052,2
5053,6
5054,5
5055,4
5056,3
5057,2
5058,5
5059,1
5060,6
5061,6
5062,3
5063,2
5064,2
5065,4
5066,4
5067,3
5068,5
5069,3
5070,6
5071,4
5072,1
5073,7
5074,4
5075,5
5076,5
5077,2
5078,1
5079,2
5080,4
5081,3
5082,6
5083,6
5084,1
5085,1
5086,5
5087,1
5088,6
5089,6
5090,1
5091,3
5092,5
5093,1
5094,3
5095,6
5096,3
5097,3
5098,4
5099,5
5100,3
5101,2
5102,5
5103,0
5104,2
5105,3
5106,2
5107,5
5108,2
5109,3
5110,3
5111,3
5112,4
5113,2
5114,5
5115,1
5116,2
5117,4
5118,7
5119,2
5120,4
5121,5
5122,1
5123,2
5124,1
5125,2
5126,1
5127,4
5128,3
5129,3
5130,1
5131,2
5132,2
5133,3
5134,0
5135,6
5136,2
5137,2
5138,9
5139,3
5140,4
5141,3
5142,2
5143,3
5144,6
5145,2
5146,3
5147,4
5148,2
5149,4
5150,1
5151,4
5152,3
5153,2
5154,1
5155,4
5156,1
5157,2
5158,2
5159,1
5160,3
5161,3
5162,4
5163,0
5164,3
5165,4
5166,2
5167,7
5168,4
5169,6
5170,4
5171,5
5172,8
5173,4
5174,4
5175,3
5176,2
5177,3
5178,4
5179,3
5180,3
5181,2
5182,3
5183,3
5184,3
5185,1
5186,1
5187,2
5188,4
5189,3
5190,5
5191,5
5192,3
5193,3
5194,1
5195,2
5196,4
5197,8
5198,3
5199,4
5200,5
5201,5
5202,7
5203,2
5204,1
5205,2
5206,3
5207,3
5208,6
5209,2
5210,2
5211,2
5212,2
5213,4
5214,3
5215,2
5216,2
5217,3
5218,2
5219,7
5220,9
5221,2
5222,1
5223,6
5224,2
5225,3
5226,4
5227,4
5228,3
5229,1
5230,1
5231,1
5232,4
5233,2
5234,3
5235,3
5236,3
5237,5
5238,2
5239,3
5240,3
5241,1
5242,4
5243,2
5244,3
5245,6
5246,3
5247,5
5248,2
5249,2
5250,3
5251,3
5252,3
5253,2
5254,4
5255,0
5256,6
5257,3
5258,4
5259,3
5260,3
5261,1
5262,1
5263,3
5264,5
5265,6
5266,2
5267,6
5268,5
5269,4
5270,3
5271,1
5272,4
5273,1
5274,6
5275,2
5276,3
5277,7
5278,1
5279,5
5280,3
5281,4
5282,1
5283,2
5284,6
5285,6
5286,3
5287,2
5288,3
5289,3
5290,4
5291,1
5292,3
5293,3
5294,1
5295,4
5296,0
5297,1
5298,2
5299,2
5300,4
5301,4
5302,4
5303,4
5304,2
5305,0
5306,3
5307,5
5308,6
5309,4
5310,4
5311,1
5312,5
5313,0
5314,4
5315,3
5316,8
5317,2
5318,3
5319,4
5320,2
5321,2
5322,1
5323,2
5324,3
5325,3
5326,3
5327,2
5328,4
5329,4
5330,4
5331,4
5332,5
5333,1
5334,3
5335,2
5336,7
5337,2
5338,3
5339,4
5340,6
5341,3
5342,3
5343,2
5344,3
5345,2
5346,1
5347,2
5348,6
5349,4
5350,4
5351,2
5352,1
5353,0
5354,3
5355,3
5356,2
5357,3
5358,4
5359,3
5360,3
5361,4
5362,5
5363,4
5364,6
5365,2
5366,5
5367,0
5368,3
5369,4
5370,1
5371,4
5372,6
5373,2
5374,5
5375,2
5376,3
5377,2
5378,3
5379,3
5380,3
5381,4
5382,4
5383,3
5384,1
5385,4
5386,2
5387,3
5388,3
5389,4
5390,6
5391,4
5392,4
5393,5
5394,1
5395,1
5396,3
5397,4
5398,0
5399,4
5400,6
5401,1
5402,1
5403,5
5404,3
5405,1
5406,6
5407,4
5408,4
5409,6
5410,6
5411,3
5412,4
5413,5
5414,3
5415,3
5416,1
5417,4
5418,1
5419,6
5420,4
5421,3
5422,2
5423,3
5424,2
5425,5
5426,3
5427,1
5428,3
5429,2
5430,3
5431,2
5432,3
5433,6
5434,2
5435,4
5436,3
5437,3
5438,2
5439,2
5440,3
5441,0
5442,2
5443,2
5444,2
5445,4
5446,2
5447,2
5448,2
5449,2
5450,5
5451,3
5452,2
5453,3
5454,2
5455,2
5456,4
5457,3
5458,2
5459,5
5460,5
5461,2
5462,4
5463,1
5464,6
5465,1
5466,3
5467,2
5468,2
5469,0
5470,8
5471,5
5472,5
5473,2
5474,2
5475,7
5476,4
5477,3
5478,3
5479,1
5480,1
5481,8
5482,3
5483,7
5484,2
5485,1
5486,2
5487,3
5488,3
5489,2
5490,4
5491,3
5492,5
5493,5
5494,4
5495,5
5496,3
5497,1
5498,1
5499,1
5500,5
5501,3
5502,3
5503,4
5504,5
5505,4
5506,2
5507,2
5508,3
5509,2
5510,4
5511,0
5512,4
5513,4
5514,1
5515,4
5516,1
5517,4
5518,2
5519,1
5520,3
5521,5
5522,3
5523,3
5524,6
5525,2
5526,4
5527,0
5528,4
5529,3
5530,7
5531,3
5532,4
5533,1
5534,4
5535,2
5536,6
5537,5
5538,4
5539,5
5540,1
5541,5
5542,8
5543,3
5544,6
5545,4
5546,3
5547,0
5548,2
5549,2
5550,4
5551,4
5552,1
5553,5
5554,2
5555,3
5556,3
5557,3
5558,3
5559,4
5560,4
5561,6
5562,3
5563,2
5564,2
5565,2
5566,3
5567,1
5568,3
5569,1
5570,6
5571,6
5572,2
5573,3
5574,3
5575,2
5576,5
5577,1
5578,3
5579,6
5580,3
5581,3
5582,2
5583,1
5584,4
5585,5
5586,4
5587,2
5588,4
5589,8
5590,5
5591,5
5592,4
5593,7
5594,0
5595,2
5596,1
5597,7
5598,4
5599,3
5600,3
5601,0
5602,2
5603,4
5604,4
5605,2
5606,6
5607,4
5608,4
5609,6
5610,3
5611,3
5612,5
5613,3
5614,4
5615,6
5616,5
5617,3
5618,2
5619,5
5620,1
5621,2
5622,3
5623,2
5624,3
5625,4
5626,1
5627,4
5628,5
5629,4
5630,1
5631,5
5632,2
5633,2
5634,3
5635,1
5636,2
5637,5
5638,3
5639,6
5640,1
5641,3
5642,2
5643,0
5644,2
5645,1
5646,2
5647,6
5648,1
5649,5
5650,6
5651,5
5652,4
5653,1
5654,5
5655,7
5656,2
5657,2
5658,3
5659,0
5660,9
5661,5
5662,3
5663,5
5664,3
5665,6
5666,5
5667,0
5668,6
5669,3
5670,2
5671,1
5672,2
5673,1
5674,0
5675,6
5676,4
5677,2
5678,0
5679,1
5680,3
5681,4
5682,2
5683,2
5684,4
5685,2
5686,2
5687,3
5688,0
5689,3
5690,5
5691,2
5692,2
5693,0
5694,3
5695,2
5696,0
5697,4
5698,5
5699,4
5700,3
5701,4
5702,3
5703,4
5704,4
5705,2
5706,2
5707,6
5708,7
5709,5
5710,3
5711,6
5712,3
5713,2
5714,4
5715,3
5716,2
5717,6
5718,5
5719,3
5720,5
5721,3
5722,3
5723,4
5724,6
5725,2
5726,5
5727,3
5728,6
5729,2
5730,3
5731,2
5732,4
5733,2
5734,2
5735,0
5736,6
5737,2
5738,5
5739,4
5740,4
5741,2
5742,0
5743,5
5744,3
5745,1
5746,2
5747,9
5748,4
5749,2
5750,2
5751,5
5752,2
5753,5
5754,5
5755,4
5756,2
5757,5
5758,8
5759,5
5760,3
5761,2
5762,2
5763,5
5764,2
5765,7
5766,4
5767,0
5768,1
5769,6
5770,3
5771,3
5772,0
5773,4
5774,2
5775,2
5776,2
5777,5
5778,7
5779,4
5780,2
5781,1
5782,4
5783,3
5784,2
5785,5
5786,1
5787,4
5788,1
5789,7
5790,1
5791,2
5792,4
5793,4
5794,2
5795,2
5796,1
5797,1
5798,3
5799,3
5800,2
5801,3
5802,5
5803,2
5804,3
5805,3
5806,2
5807,4
5808,3
5809,5
5810,5
5811,4
5812,8
5813,5
5814,1
5815,5
5816,2
5817,3
5818,2
5819,2
5820,3
5821,5
5822,3
5823,4
5824,8
5825,1
5826,4
5827,1
5828,1
5829,1
5830,1
5831,5
5832,3
5833,2
5834,1
5835,1
5836,6
5837,6
5838,4
5839,3
5840,3
5841,7
5842,0
5843,5
5844,3
5845,5
5846,0
5847,2
5848,2
5849,2
5850,1
5851,1
5852,2
5853,3
5854,1
5855,4
5856,3
5857,2
5858,9
5859,3
5860,2
5861,4
5862,4
5863,2
5864,5
5865,2
5866,4
5867,1
5868,5
5869,5
5870,7
5871,5
5872,2
5873,4
5874,3
5875,1
5876,2
5877,4
5878,4
5879,3
5880,3
5881,1
5882,2
5883,4
5884,3
5885,2
5886,2
5887,4
5888,3
5889,1
5890,1
5891,2
5892,5
5893,2
5894,3
5895,3
5896,4
5897,4
5898,2
5899,2
5900,3
5901,4
5902,5
5903,2
5904,2
5905,3
5906,5
5907,1
5908,3
5909,3
5910,3
5911,4
5912,4
5913,5
5914,6
5915,2
5916,4
5917,7
5918,4
5919,4
5920,2
5921,3
5922,1
5923,4
5924,7
5925,2
5926,3
5927,3
5928,2
5929,0
5930,3
5931,1
5932,4
5933,2
5934,3
5935,3
5936,1
5937,5
5938,5
5939,3
5940,2
5941,2
5942,3
5943,4
5944,3
5945,5
5946,6
5947,4
5948,3
5949,0
5950,5
5951,2
5952,8
5953,3
5954,3
5955,4
5956,1
5957,7
5958,5
5959,4
5960,5
5961,3
5962,2
5963,6
5964,4
5965,1
5966,3
5967,4
5968,5
5969,4
5970,1
5971,4
5972,5
5973,5
5974,3
5975,3
5976,4
5977,3
5978,3
5979,0
5980,5
5981,1
5982,4
5983,0
5984,4
5985,5
5986,2
5987,3
5988,6
5989,3
5990,5
5991,6
5992,2
5993,1
5994,5
5995,2
5996,2
5997,6
5998,4
5999,4
6000,3
6001,4
6002,4
6003,1
6004,4
6005,7
6006,3
6007,4
6008,7
6009,0
6010,1
6011,2
6012,2
6013,2
6014,4
6015,2
6016,6
6017,1
6018,2
6019,0
6020,0
6021,4
6022,3
6023,4
6024,3
6025,3
6026,4
6027,2
6028,5
6029,2
6030,4
6031,3
6032,0
6033,4
6034,3
6035,7
6036,2
6037,3
6038,5
6039,3
6040,5
6041,1
6042,0
6043,4
6044,5
6045,4
6046,2
6047,0
6048,3
6049,2
6050,1
6051,3
6052,4
6053,4
6054,1
6055,3
6056,4
6057,3
6058,3
6059,3
6060,6
6061,3
6062,3
6063,2
6064,3
6065,0
6066,3
6067,5
6068,5
6069,3
6070,5
6071,2
6072,4
6073,8
6074,4
6075,4
6076,4
6077,2
6078,5
6079,8
6080,4
6081,3
6082,3
6083,2
6084,2
6085,1
6086,4
6087,2
6088,2
6089,2
6090,3
6091,3
6092,3
6093,4
6094,6
6095,3
6096,2
6097,8
6098,6
6099,3
6100,5
6101,7
6102,2
6103,4
6104,3
6105,1
6106,3
6107,2
6108,0
6109,3
6110,5
6111,2
6112,2
6113,3
6114,4
6115,5
6116,8
6117,5
6118,3
6119,1
6120,2
6121,3
6122,2
6123,6
6124,5
6125,2
6126,6
6127,3
6128,0
6129,3
6130,2
6131,6
6132,6
6133,6
6134,1
6135,3
6136,3
6137,3
6138,3
6139,4
6140,4
6141,4
6142,7
6143,4
6144,2
6145,2
6146,7
6147,4
6148,3
6149,2
6150,4
6151,3
6152,0
6153,5
6154,5
6155,3
6156,2
6157,4
6158,3
6159,6
6160,2
6161,9
6162,2
6163,2
6164,4
6165,3
6166,2
6167,3
6168,5
6169,3
6170,2
6171,2
6172,3
6173,4
6174,3
6175,3
6176,7
6177,3
6178,2
6179,5
6180,4
6181,1
6182,2
6183,3
6184,3
6185,3
6186,3
6187,1
6188,2
6189,1
6190,3
6191,1
6192,4
6193,4
6194,2
6195,4
6196,6
6197,6
6198,7
6199,2
6200,5
6201,1
6202,2
6203,2
6204,3
6205,1
6206,2
6207,3
6208,1
6209,4
6210,3
6211,4
6212,5
6213,4
6214,1
6215,4
6216,5
6217,3
6218,4
6219,4
6220,5
6221,4
6222,3
6223,5
6224,3
6225,2
6226,5
6227,2
6228,2
6229,4
6230,2
6231,5
6232,2
6233,3
6234,1
6235,4
6236,5
6237,2
6238,4
6239,3
6240,2
6241,0
6242,2
6243,6
6244,4
6245,4
6246,1
6247,3
6248,5
6249,4
6250,4
6251,0
6252,3
6253,2
6254,6
6255,3
6256,3
6257,5
6258,3
6259,6
6260,7
6261,2
6262,5
6263,2
6264,2
6265,5
6266,4
6267,3
6268,2
6269,7
6270,3
6271,3
6272,3
6273,5
6274,3
6275,4
6276,8
6277,6
6278,6
6279,2
6280,3
6281,3
6282,4
6283,5
6284,0
6285,7
6286,3
6287,3
6288,5
6289,8
6290,3
6291,4
6292,5
6293,3
6294,2
6295,5
6296,1
6297,5
6298,4
6299,3
6300,2
6301,2
6302,5
6303,2
6304,2
6305,2
6306,1
6307,1
6308,4
6309,5
6310,1
6311,3
6312,6
6313,3
6314,2
6315,2
6316,2
6317,1
6318,7
6319,2
6320,4
6321,4
6322,3
6323,4
6324,5
6325,0
6326,7
6327,4
6328,0
6329,6
6330,5
6331,4
6332,3
6333,1
6334,2
6335,4
6336,2
6337,5
6338,3
6339,1
6340,3
6341,4
6342,4
6343,3
6344,1
6345,4
6346,6
6347,2
6348,3
6349,5
6350,4
6351,2
6352,1
6353,6
6354,4
6355,6
6356,1
6357,3
6358,4
6359,5
6360,4
6361,5
6362,4
6363,6
6364,2
6365,6
6366,2
6367,4
6368,2
6369,4
6370,6
6371,6
6372,3
6373,2
6374,6
6375,2
6376,2
6377,3
6378,2
6379,4
6380,5
6381,4
6382,1
6383,2
6384,3
6385,3
6386,0
6387,1
6388,2
6389,3
6390,5
6391,4
6392,1
6393,3
6394,3
6395,3
6396,8
6397,4
6398,4
6399,2
6400,4
6401,4
6402,5
6403,3
6404,7
6405,2
6406,3
6407,1
6408,2
6409,0
6410,6
6411,4
6412,3
6413,7
6414,2
6415,4
6416,8
6417,0
6418,6
6419,2
6420,3
6421,3
6422,4
6423,1
6424,3
6425,4
6426,3
6427,2
6428,0
6429,5
6430,0
6431,2
6432,3
6433,3
6434,5
6435,2
6436,1
6437,2
6438,4
6439,5
6440,3
6441,3
6442,5
6443,2
6444,1
6445,3
6446,4
6447,3
6448,2
6449,3
6450,2
6451,2
6452,4
6453,2
6454,2
6455,4
6456,3
6457,1
6458,6
6459,2
6460,4
6461,2
6462,5
6463,5
6464,2
6465,1
6466,2
6467,4
6468,2
6469,2
6470,4
6471,3
6472,7
6473,5
6474,1
6475,6
6476,5
6477,7
6478,3
6479,5
6480,4
6481,6
6482,1
6483,4
6484,4
6485,3
6486,4
6487,4
6488,2
6489,3
6490,1
6491,2
6492,3
6493,2
6494,4
6495,2
6496,2
6497,5
6498,3
6499,2
6500,2
6501,1
6502,2
6503,0
6504,5
6505,5
6506,3
6507,3
6508,4
6509,7
6510,1
6511,8
6512,3
6513,3
6514,3
6515,8
6516,2
6517,3
6518,3
6519,2
6520,5
6521,4
6522,2
6523,1
6524,1
6525,4
6526,1
6527,3
6528,7
6529,3
6530,3
6531,3
6532,4
6533,2
6534,3
6535,3
6536,3
6537,2
6538,2
6539,6
6540,3
6541,2
6542,4
6543,4
6544,4
6545,4
6546,2
6547,1
6548,3
6549,1
6550,5
6551,4
6552,2
6553,2
6554,4
6555,1
6556,1
6557,4
6558,5
6559,3
6560,3
6561,3
6562,2
6563,3
6564,4
6565,2
6566,2
6567,4
6568,2
6569,8
6570,4
6571,1
6572,3
6573,3
6574,5
6575,4
6576,5
6577,1
6578,3
6579,1
6580,7
6581,2
6582,2
6583,4
6584,6
6585,0
6586,1
6587,1
6588,5
6589,6
6590,6
6591,2
6592,7
6593,4
6594,3
6595,1
6596,5
6597,3
6598,1
6599,6
6600,1
6601,4
6602,2
6603,4
6604,7
6605,10
6606,4
6607,1
6608,3
6609,2
6610,3
6611,3
6612,7
6613,6
6614,1
6615,2
6616,3
6617,4
6618,3
6619,6
6620,2
6621,1
6622,1
6623,2
6624,4
6625,5
6626,3
6627,4
6628,5
6629,2
6630,2
6631,3
6632,3
6633,1
6634,2
6635,4
6636,2
6637,1
6638,3
6639,3
6640,2
6641,3
6642,6
6643,5
6644,3
6645,1
6646,4
6647,1
6648,3
6649,5
6650,1
6651,2
6652,3
6653,3
6654,5
6655,5
6656,3
6657,3
6658,3
6659,1
6660,4
6661,3
6662,1
6663,6
6664,3
6665,2
6666,5
6667,4
6668,5
6669,1
6670,3
6671,3
6672,7
6673,6
6674,5
6675,1
6676,0
6677,4
6678,4
6679,2
6680,4
6681,1
6682,3
6683,2
6684,4
6685,2
6686,7
6687,5
6688,5
6689,3
6690,5
6691,4
6692,3
6693,7
6694,3
6695,5
6696,4
6697,4
6698,2
6699,6
6700,2
6701,2
6702,5
6703,6
6704,4
6705,2
6706,4
6707,1
6708,2
6709,3
6710,5
6711,2
6712,3
6713,6
6714,3
6715,2
6716,1
6717,4
6718,1
6719,1
6720,3
6721,4
6722,5
6723,5
6724,2
6725,1
6726,1
6727,5
6728,1
6729,2
6730,5
6731,1
6732,4
6733,3
6734,3
6735,5
6736,2
6737,6
6738,8
6739,4
6740,3
6741,3
6742,2
6743,3
6744,2
6745,2
6746,4
6747,1
6748,3
6749,1
6750,2
6751,3
6752,2
6753,2
6754,3
6755,6
6756,2
6757,3
6758,7
6759,5
6760,1
